# i  j  r0(A)  k_r(kcal/mol/A^2)  type
0 1 4.8500 44.3100 SA
0 2 3.7500 62.5900 SP
3 4 4.4000 46.5600 ST
2 3 3.7400 17.6300 PS
3 5 3.7500 62.5900 SP
6 7 4.3000 43.2500 SC
5 6 3.7400 17.6300 PS
6 8 3.7500 62.5900 SP
9 10 4.8500 44.3100 SA
8 9 3.7400 17.6300 PS
9 11 3.7500 62.5900 SP
12 13 4.8500 44.3100 SA
11 12 3.7400 17.6300 PS
12 14 3.7500 62.5900 SP
15 16 4.4000 46.5600 ST
14 15 3.7400 17.6300 PS
15 17 3.7500 62.5900 SP
18 19 4.8500 44.3100 SA
17 18 3.7400 17.6300 PS
18 20 3.7500 62.5900 SP
21 22 4.4000 46.5600 ST
20 21 3.7400 17.6300 PS
21 23 3.7500 62.5900 SP
24 25 4.3000 43.2500 SC
23 24 3.7400 17.6300 PS
24 26 3.7500 62.5900 SP
27 28 4.3000 43.2500 SC
26 27 3.7400 17.6300 PS
27 29 3.7500 62.5900 SP
30 31 4.8500 44.3100 SA
29 30 3.7400 17.6300 PS
30 32 3.7500 62.5900 SP
33 34 4.3000 43.2500 SC
32 33 3.7400 17.6300 PS
33 35 3.7500 62.5900 SP
36 37 4.3000 43.2500 SC
35 36 3.7400 17.6300 PS
36 38 3.7500 62.5900 SP
39 40 4.4000 46.5600 ST
38 39 3.7400 17.6300 PS
39 41 3.7500 62.5900 SP
42 43 4.9600 48.9800 SG
41 42 3.7400 17.6300 PS
42 44 3.7500 62.5900 SP
45 46 4.3000 43.2500 SC
44 45 3.7400 17.6300 PS
45 47 3.7500 62.5900 SP
48 49 4.8500 44.3100 SA
47 48 3.7400 17.6300 PS
48 50 3.7500 62.5900 SP
51 52 4.9600 48.9800 SG
50 51 3.7400 17.6300 PS
51 53 3.7500 62.5900 SP
54 55 4.8500 44.3100 SA
53 54 3.7400 17.6300 PS
54 56 3.7500 62.5900 SP
57 58 4.4000 46.5600 ST
56 57 3.7400 17.6300 PS
57 59 3.7500 62.5900 SP
60 61 4.4000 46.5600 ST
59 60 3.7400 17.6300 PS
60 62 3.7500 62.5900 SP
63 64 4.3000 43.2500 SC
62 63 3.7400 17.6300 PS
63 65 3.7500 62.5900 SP
66 67 4.4000 46.5600 ST
65 66 3.7400 17.6300 PS
66 68 3.7500 62.5900 SP
69 70 4.8500 44.3100 SA
68 69 3.7400 17.6300 PS
69 71 3.7500 62.5900 SP
72 73 4.3000 43.2500 SC
71 72 3.7400 17.6300 PS
72 74 3.7500 62.5900 SP
75 76 4.3000 43.2500 SC
74 75 3.7400 17.6300 PS
75 77 3.7500 62.5900 SP
78 79 4.8500 44.3100 SA
77 78 3.7400 17.6300 PS
78 80 3.7500 62.5900 SP
81 82 4.8500 44.3100 SA
80 81 3.7400 17.6300 PS
81 83 3.7500 62.5900 SP
84 85 4.8500 44.3100 SA
83 84 3.7400 17.6300 PS
84 86 3.7500 62.5900 SP
87 88 4.8500 44.3100 SA
86 87 3.7400 17.6300 PS
87 89 3.7500 62.5900 SP
90 91 4.9600 48.9800 SG
89 90 3.7400 17.6300 PS
90 92 3.7500 62.5900 SP
93 94 4.4000 46.5600 ST
92 93 3.7400 17.6300 PS
93 95 3.7500 62.5900 SP
96 97 4.9600 48.9800 SG
95 96 3.7400 17.6300 PS
96 98 3.7500 62.5900 SP
99 100 4.4000 46.5600 ST
98 99 3.7400 17.6300 PS
99 101 3.7500 62.5900 SP
102 103 4.8500 44.3100 SA
101 102 3.7400 17.6300 PS
102 104 3.7500 62.5900 SP
105 106 4.4000 46.5600 ST
104 105 3.7400 17.6300 PS
105 107 3.7500 62.5900 SP
108 109 4.4000 46.5600 ST
107 108 3.7400 17.6300 PS
108 110 3.7500 62.5900 SP
111 112 4.4000 46.5600 ST
110 111 3.7400 17.6300 PS
111 113 3.7500 62.5900 SP
114 115 4.9600 48.9800 SG
113 114 3.7400 17.6300 PS
114 116 3.7500 62.5900 SP
117 118 4.9600 48.9800 SG
116 117 3.7400 17.6300 PS
117 119 3.7500 62.5900 SP
120 121 4.8500 44.3100 SA
119 120 3.7400 17.6300 PS
120 122 3.7500 62.5900 SP
123 124 4.8500 44.3100 SA
122 123 3.7400 17.6300 PS
123 125 3.7500 62.5900 SP
126 127 4.8500 44.3100 SA
125 126 3.7400 17.6300 PS
126 128 3.7500 62.5900 SP
129 130 4.3000 43.2500 SC
128 129 3.7400 17.6300 PS
129 131 3.7500 62.5900 SP
132 133 4.4000 46.5600 ST
131 132 3.7400 17.6300 PS
132 134 3.7500 62.5900 SP
135 136 4.9600 48.9800 SG
134 135 3.7400 17.6300 PS
135 137 3.7500 62.5900 SP
138 139 4.3000 43.2500 SC
137 138 3.7400 17.6300 PS
138 140 3.7500 62.5900 SP
141 142 4.4000 46.5600 ST
140 141 3.7400 17.6300 PS
141 143 3.7500 62.5900 SP
144 145 4.3000 43.2500 SC
143 144 3.7400 17.6300 PS
144 146 3.7500 62.5900 SP
147 148 4.3000 43.2500 SC
146 147 3.7400 17.6300 PS
147 149 3.7500 62.5900 SP
150 151 4.8500 44.3100 SA
149 150 3.7400 17.6300 PS
150 152 3.7500 62.5900 SP
153 154 4.4000 46.5600 ST
152 153 3.7400 17.6300 PS
153 155 3.7500 62.5900 SP
156 157 4.3000 43.2500 SC
155 156 3.7400 17.6300 PS
156 158 3.7500 62.5900 SP
159 160 4.8500 44.3100 SA
158 159 3.7400 17.6300 PS
159 161 3.7500 62.5900 SP
162 163 4.8500 44.3100 SA
161 162 3.7400 17.6300 PS
162 164 3.7500 62.5900 SP
165 166 4.8500 44.3100 SA
164 165 3.7400 17.6300 PS
165 167 3.7500 62.5900 SP
168 169 4.8500 44.3100 SA
167 168 3.7400 17.6300 PS
168 170 3.7500 62.5900 SP
171 172 4.9600 48.9800 SG
170 171 3.7400 17.6300 PS
171 173 3.7500 62.5900 SP
174 175 4.9600 48.9800 SG
173 174 3.7400 17.6300 PS
174 176 3.7500 62.5900 SP
177 178 4.3000 43.2500 SC
176 177 3.7400 17.6300 PS
177 179 3.7500 62.5900 SP
180 181 4.8500 44.3100 SA
179 180 3.7400 17.6300 PS
180 182 3.7500 62.5900 SP
183 184 4.4000 46.5600 ST
182 183 3.7400 17.6300 PS
183 185 3.7500 62.5900 SP
186 187 4.9600 48.9800 SG
185 186 3.7400 17.6300 PS
186 188 3.7500 62.5900 SP
189 190 4.4000 46.5600 ST
188 189 3.7400 17.6300 PS
189 191 3.7500 62.5900 SP
192 193 4.4000 46.5600 ST
191 192 3.7400 17.6300 PS
192 194 3.7500 62.5900 SP
195 196 4.3000 43.2500 SC
194 195 3.7400 17.6300 PS
195 197 3.7500 62.5900 SP
198 199 4.8500 44.3100 SA
197 198 3.7400 17.6300 PS
198 200 3.7500 62.5900 SP
201 202 4.9600 48.9800 SG
200 201 3.7400 17.6300 PS
201 203 3.7500 62.5900 SP
204 205 4.3000 43.2500 SC
203 204 3.7400 17.6300 PS
204 206 3.7500 62.5900 SP
207 208 4.4000 46.5600 ST
206 207 3.7400 17.6300 PS
207 209 3.7500 62.5900 SP
210 211 4.9600 48.9800 SG
209 210 3.7400 17.6300 PS
210 212 3.7500 62.5900 SP
213 214 4.8500 44.3100 SA
212 213 3.7400 17.6300 PS
213 215 3.7500 62.5900 SP
216 217 4.8500 44.3100 SA
215 216 3.7400 17.6300 PS
216 218 3.7500 62.5900 SP
219 220 4.4000 46.5600 ST
218 219 3.7400 17.6300 PS
219 221 3.7500 62.5900 SP
222 223 4.4000 46.5600 ST
221 222 3.7400 17.6300 PS
222 224 3.7500 62.5900 SP
225 226 4.3000 43.2500 SC
224 225 3.7400 17.6300 PS
225 227 3.7500 62.5900 SP
228 229 4.8500 44.3100 SA
227 228 3.7400 17.6300 PS
228 230 3.7500 62.5900 SP
231 232 4.9600 48.9800 SG
230 231 3.7400 17.6300 PS
231 233 3.7500 62.5900 SP
234 235 4.3000 43.2500 SC
233 234 3.7400 17.6300 PS
234 236 3.7500 62.5900 SP
237 238 4.4000 46.5600 ST
236 237 3.7400 17.6300 PS
237 239 3.7500 62.5900 SP
240 241 4.9600 48.9800 SG
239 240 3.7400 17.6300 PS
240 242 3.7500 62.5900 SP
243 244 4.8500 44.3100 SA
242 243 3.7400 17.6300 PS
243 245 3.7500 62.5900 SP
246 247 4.8500 44.3100 SA
245 246 3.7400 17.6300 PS
246 248 3.7500 62.5900 SP
249 250 4.3000 43.2500 SC
248 249 3.7400 17.6300 PS
249 251 3.7500 62.5900 SP
252 253 4.8500 44.3100 SA
251 252 3.7400 17.6300 PS
252 254 3.7500 62.5900 SP
255 256 4.4000 46.5600 ST
254 255 3.7400 17.6300 PS
255 257 3.7500 62.5900 SP
258 259 4.9600 48.9800 SG
257 258 3.7400 17.6300 PS
258 260 3.7500 62.5900 SP
261 262 4.3000 43.2500 SC
260 261 3.7400 17.6300 PS
261 263 3.7500 62.5900 SP
264 265 4.3000 43.2500 SC
263 264 3.7400 17.6300 PS
264 266 3.7500 62.5900 SP
267 268 4.4000 46.5600 ST
266 267 3.7400 17.6300 PS
267 269 3.7500 62.5900 SP
270 271 4.4000 46.5600 ST
269 270 3.7400 17.6300 PS
270 272 3.7500 62.5900 SP
273 274 4.4000 46.5600 ST
272 273 3.7400 17.6300 PS
273 275 3.7500 62.5900 SP
276 277 4.4000 46.5600 ST
275 276 3.7400 17.6300 PS
276 278 3.7500 62.5900 SP
279 280 4.9600 48.9800 SG
278 279 3.7400 17.6300 PS
279 281 3.7500 62.5900 SP
282 283 4.8500 44.3100 SA
281 282 3.7400 17.6300 PS
282 284 3.7500 62.5900 SP
285 286 4.4000 46.5600 ST
284 285 3.7400 17.6300 PS
285 287 3.7500 62.5900 SP
288 289 4.9600 48.9800 SG
287 288 3.7400 17.6300 PS
288 290 3.7500 62.5900 SP
291 292 4.9600 48.9800 SG
290 291 3.7400 17.6300 PS
291 293 3.7500 62.5900 SP
294 295 4.8500 44.3100 SA
293 294 3.7400 17.6300 PS
294 296 3.7500 62.5900 SP
297 298 4.9600 48.9800 SG
296 297 3.7400 17.6300 PS
297 299 3.7500 62.5900 SP
300 301 4.3000 43.2500 SC
299 300 3.7400 17.6300 PS
300 302 3.7500 62.5900 SP
303 304 4.8500 44.3100 SA
302 303 3.7400 17.6300 PS
303 305 3.7500 62.5900 SP
306 307 4.9600 48.9800 SG
305 306 3.7400 17.6300 PS
306 308 3.7500 62.5900 SP
309 310 4.4000 46.5600 ST
308 309 3.7400 17.6300 PS
309 311 3.7500 62.5900 SP
312 313 4.4000 46.5600 ST
311 312 3.7400 17.6300 PS
312 314 3.7500 62.5900 SP
315 316 4.4000 46.5600 ST
314 315 3.7400 17.6300 PS
315 317 3.7500 62.5900 SP
318 319 4.3000 43.2500 SC
317 318 3.7400 17.6300 PS
318 320 3.7500 62.5900 SP
321 322 4.3000 43.2500 SC
320 321 3.7400 17.6300 PS
321 323 3.7500 62.5900 SP
324 325 4.8500 44.3100 SA
323 324 3.7400 17.6300 PS
324 326 3.7500 62.5900 SP
327 328 4.8500 44.3100 SA
326 327 3.7400 17.6300 PS
327 329 3.7500 62.5900 SP
330 331 4.8500 44.3100 SA
329 330 3.7400 17.6300 PS
330 332 3.7500 62.5900 SP
333 334 4.4000 46.5600 ST
332 333 3.7400 17.6300 PS
333 335 3.7500 62.5900 SP
336 337 4.8500 44.3100 SA
335 336 3.7400 17.6300 PS
336 338 3.7500 62.5900 SP
339 340 4.3000 43.2500 SC
338 339 3.7400 17.6300 PS
339 341 3.7500 62.5900 SP
342 343 4.8500 44.3100 SA
341 342 3.7400 17.6300 PS
342 344 3.7500 62.5900 SP
345 346 4.3000 43.2500 SC
344 345 3.7400 17.6300 PS
345 347 3.7500 62.5900 SP
348 349 4.4000 46.5600 ST
347 348 3.7400 17.6300 PS
348 350 3.7500 62.5900 SP
351 352 4.4000 46.5600 ST
350 351 3.7400 17.6300 PS
351 353 3.7500 62.5900 SP
354 355 4.4000 46.5600 ST
353 354 3.7400 17.6300 PS
354 356 3.7500 62.5900 SP
357 358 4.4000 46.5600 ST
356 357 3.7400 17.6300 PS
357 359 3.7500 62.5900 SP
360 361 4.9600 48.9800 SG
359 360 3.7400 17.6300 PS
360 362 3.7500 62.5900 SP
363 364 4.9600 48.9800 SG
362 363 3.7400 17.6300 PS
363 365 3.7500 62.5900 SP
366 367 4.4000 46.5600 ST
365 366 3.7400 17.6300 PS
366 368 3.7500 62.5900 SP
369 370 4.8500 44.3100 SA
368 369 3.7400 17.6300 PS
369 371 3.7500 62.5900 SP
372 373 4.9600 48.9800 SG
371 372 3.7400 17.6300 PS
372 374 3.7500 62.5900 SP
375 376 4.8500 44.3100 SA
374 375 3.7400 17.6300 PS
375 377 3.7500 62.5900 SP
378 379 4.8500 44.3100 SA
377 378 3.7400 17.6300 PS
378 380 3.7500 62.5900 SP
381 382 4.4000 46.5600 ST
380 381 3.7400 17.6300 PS
381 383 3.7500 62.5900 SP
384 385 4.3000 43.2500 SC
383 384 3.7400 17.6300 PS
384 386 3.7500 62.5900 SP
387 388 4.4000 46.5600 ST
386 387 3.7400 17.6300 PS
387 389 3.7500 62.5900 SP
390 391 4.9600 48.9800 SG
389 390 3.7400 17.6300 PS
390 392 3.7500 62.5900 SP
393 394 4.3000 43.2500 SC
392 393 3.7400 17.6300 PS
393 395 3.7500 62.5900 SP
396 397 4.8500 44.3100 SA
395 396 3.7400 17.6300 PS
396 398 3.7500 62.5900 SP
399 400 4.9600 48.9800 SG
398 399 3.7400 17.6300 PS
399 401 3.7500 62.5900 SP
402 403 4.9600 48.9800 SG
401 402 3.7400 17.6300 PS
402 404 3.7500 62.5900 SP
405 406 4.4000 46.5600 ST
404 405 3.7400 17.6300 PS
405 407 3.7500 62.5900 SP
408 409 4.9600 48.9800 SG
407 408 3.7400 17.6300 PS
408 410 3.7500 62.5900 SP
411 412 4.9600 48.9800 SG
410 411 3.7400 17.6300 PS
411 413 3.7500 62.5900 SP
414 415 4.8500 44.3100 SA
413 414 3.7400 17.6300 PS
414 416 3.7500 62.5900 SP
417 418 4.4000 46.5600 ST
416 417 3.7400 17.6300 PS
417 419 3.7500 62.5900 SP
420 421 4.8500 44.3100 SA
419 420 3.7400 17.6300 PS
420 422 3.7500 62.5900 SP
423 424 4.4000 46.5600 ST
422 423 3.7400 17.6300 PS
423 425 3.7500 62.5900 SP
426 427 4.4000 46.5600 ST
425 426 3.7400 17.6300 PS
426 428 3.7500 62.5900 SP
429 430 4.9600 48.9800 SG
428 429 3.7400 17.6300 PS
429 431 3.7500 62.5900 SP
432 433 4.8500 44.3100 SA
431 432 3.7400 17.6300 PS
432 434 3.7500 62.5900 SP
435 436 4.4000 46.5600 ST
434 435 3.7400 17.6300 PS
437 438 4.8500 44.3100 SA
437 439 3.7500 62.5900 SP
440 441 4.4000 46.5600 ST
439 440 3.7400 17.6300 PS
440 442 3.7500 62.5900 SP
443 444 4.3000 43.2500 SC
442 443 3.7400 17.6300 PS
443 445 3.7500 62.5900 SP
446 447 4.8500 44.3100 SA
445 446 3.7400 17.6300 PS
446 448 3.7500 62.5900 SP
449 450 4.8500 44.3100 SA
448 449 3.7400 17.6300 PS
449 451 3.7500 62.5900 SP
452 453 4.4000 46.5600 ST
451 452 3.7400 17.6300 PS
452 454 3.7500 62.5900 SP
455 456 4.8500 44.3100 SA
454 455 3.7400 17.6300 PS
455 457 3.7500 62.5900 SP
458 459 4.4000 46.5600 ST
457 458 3.7400 17.6300 PS
458 460 3.7500 62.5900 SP
461 462 4.3000 43.2500 SC
460 461 3.7400 17.6300 PS
461 463 3.7500 62.5900 SP
464 465 4.3000 43.2500 SC
463 464 3.7400 17.6300 PS
464 466 3.7500 62.5900 SP
467 468 4.8500 44.3100 SA
466 467 3.7400 17.6300 PS
467 469 3.7500 62.5900 SP
470 471 4.3000 43.2500 SC
469 470 3.7400 17.6300 PS
470 472 3.7500 62.5900 SP
473 474 4.3000 43.2500 SC
472 473 3.7400 17.6300 PS
473 475 3.7500 62.5900 SP
476 477 4.4000 46.5600 ST
475 476 3.7400 17.6300 PS
476 478 3.7500 62.5900 SP
479 480 4.9600 48.9800 SG
478 479 3.7400 17.6300 PS
479 481 3.7500 62.5900 SP
482 483 4.3000 43.2500 SC
481 482 3.7400 17.6300 PS
482 484 3.7500 62.5900 SP
485 486 4.8500 44.3100 SA
484 485 3.7400 17.6300 PS
485 487 3.7500 62.5900 SP
488 489 4.9600 48.9800 SG
487 488 3.7400 17.6300 PS
488 490 3.7500 62.5900 SP
491 492 4.8500 44.3100 SA
490 491 3.7400 17.6300 PS
491 493 3.7500 62.5900 SP
494 495 4.4000 46.5600 ST
493 494 3.7400 17.6300 PS
494 496 3.7500 62.5900 SP
497 498 4.4000 46.5600 ST
496 497 3.7400 17.6300 PS
497 499 3.7500 62.5900 SP
500 501 4.3000 43.2500 SC
499 500 3.7400 17.6300 PS
500 502 3.7500 62.5900 SP
503 504 4.4000 46.5600 ST
502 503 3.7400 17.6300 PS
503 505 3.7500 62.5900 SP
506 507 4.8500 44.3100 SA
505 506 3.7400 17.6300 PS
506 508 3.7500 62.5900 SP
509 510 4.3000 43.2500 SC
508 509 3.7400 17.6300 PS
509 511 3.7500 62.5900 SP
512 513 4.3000 43.2500 SC
511 512 3.7400 17.6300 PS
512 514 3.7500 62.5900 SP
515 516 4.8500 44.3100 SA
514 515 3.7400 17.6300 PS
515 517 3.7500 62.5900 SP
518 519 4.8500 44.3100 SA
517 518 3.7400 17.6300 PS
518 520 3.7500 62.5900 SP
521 522 4.8500 44.3100 SA
520 521 3.7400 17.6300 PS
521 523 3.7500 62.5900 SP
524 525 4.8500 44.3100 SA
523 524 3.7400 17.6300 PS
524 526 3.7500 62.5900 SP
527 528 4.9600 48.9800 SG
526 527 3.7400 17.6300 PS
527 529 3.7500 62.5900 SP
530 531 4.4000 46.5600 ST
529 530 3.7400 17.6300 PS
530 532 3.7500 62.5900 SP
533 534 4.9600 48.9800 SG
532 533 3.7400 17.6300 PS
533 535 3.7500 62.5900 SP
536 537 4.4000 46.5600 ST
535 536 3.7400 17.6300 PS
536 538 3.7500 62.5900 SP
539 540 4.8500 44.3100 SA
538 539 3.7400 17.6300 PS
539 541 3.7500 62.5900 SP
542 543 4.4000 46.5600 ST
541 542 3.7400 17.6300 PS
542 544 3.7500 62.5900 SP
545 546 4.4000 46.5600 ST
544 545 3.7400 17.6300 PS
545 547 3.7500 62.5900 SP
548 549 4.4000 46.5600 ST
547 548 3.7400 17.6300 PS
548 550 3.7500 62.5900 SP
551 552 4.9600 48.9800 SG
550 551 3.7400 17.6300 PS
551 553 3.7500 62.5900 SP
554 555 4.9600 48.9800 SG
553 554 3.7400 17.6300 PS
554 556 3.7500 62.5900 SP
557 558 4.8500 44.3100 SA
556 557 3.7400 17.6300 PS
557 559 3.7500 62.5900 SP
560 561 4.8500 44.3100 SA
559 560 3.7400 17.6300 PS
560 562 3.7500 62.5900 SP
563 564 4.8500 44.3100 SA
562 563 3.7400 17.6300 PS
563 565 3.7500 62.5900 SP
566 567 4.3000 43.2500 SC
565 566 3.7400 17.6300 PS
566 568 3.7500 62.5900 SP
569 570 4.4000 46.5600 ST
568 569 3.7400 17.6300 PS
569 571 3.7500 62.5900 SP
572 573 4.9600 48.9800 SG
571 572 3.7400 17.6300 PS
572 574 3.7500 62.5900 SP
575 576 4.3000 43.2500 SC
574 575 3.7400 17.6300 PS
575 577 3.7500 62.5900 SP
578 579 4.4000 46.5600 ST
577 578 3.7400 17.6300 PS
578 580 3.7500 62.5900 SP
581 582 4.3000 43.2500 SC
580 581 3.7400 17.6300 PS
581 583 3.7500 62.5900 SP
584 585 4.3000 43.2500 SC
583 584 3.7400 17.6300 PS
584 586 3.7500 62.5900 SP
587 588 4.8500 44.3100 SA
586 587 3.7400 17.6300 PS
587 589 3.7500 62.5900 SP
590 591 4.4000 46.5600 ST
589 590 3.7400 17.6300 PS
590 592 3.7500 62.5900 SP
593 594 4.3000 43.2500 SC
592 593 3.7400 17.6300 PS
593 595 3.7500 62.5900 SP
596 597 4.8500 44.3100 SA
595 596 3.7400 17.6300 PS
596 598 3.7500 62.5900 SP
599 600 4.8500 44.3100 SA
598 599 3.7400 17.6300 PS
599 601 3.7500 62.5900 SP
602 603 4.8500 44.3100 SA
601 602 3.7400 17.6300 PS
602 604 3.7500 62.5900 SP
605 606 4.8500 44.3100 SA
604 605 3.7400 17.6300 PS
605 607 3.7500 62.5900 SP
608 609 4.9600 48.9800 SG
607 608 3.7400 17.6300 PS
608 610 3.7500 62.5900 SP
611 612 4.9600 48.9800 SG
610 611 3.7400 17.6300 PS
611 613 3.7500 62.5900 SP
614 615 4.3000 43.2500 SC
613 614 3.7400 17.6300 PS
614 616 3.7500 62.5900 SP
617 618 4.8500 44.3100 SA
616 617 3.7400 17.6300 PS
617 619 3.7500 62.5900 SP
620 621 4.4000 46.5600 ST
619 620 3.7400 17.6300 PS
620 622 3.7500 62.5900 SP
623 624 4.9600 48.9800 SG
622 623 3.7400 17.6300 PS
623 625 3.7500 62.5900 SP
626 627 4.4000 46.5600 ST
625 626 3.7400 17.6300 PS
626 628 3.7500 62.5900 SP
629 630 4.4000 46.5600 ST
628 629 3.7400 17.6300 PS
629 631 3.7500 62.5900 SP
632 633 4.3000 43.2500 SC
631 632 3.7400 17.6300 PS
632 634 3.7500 62.5900 SP
635 636 4.8500 44.3100 SA
634 635 3.7400 17.6300 PS
635 637 3.7500 62.5900 SP
638 639 4.9600 48.9800 SG
637 638 3.7400 17.6300 PS
638 640 3.7500 62.5900 SP
641 642 4.3000 43.2500 SC
640 641 3.7400 17.6300 PS
641 643 3.7500 62.5900 SP
644 645 4.4000 46.5600 ST
643 644 3.7400 17.6300 PS
644 646 3.7500 62.5900 SP
647 648 4.9600 48.9800 SG
646 647 3.7400 17.6300 PS
647 649 3.7500 62.5900 SP
650 651 4.8500 44.3100 SA
649 650 3.7400 17.6300 PS
650 652 3.7500 62.5900 SP
653 654 4.8500 44.3100 SA
652 653 3.7400 17.6300 PS
653 655 3.7500 62.5900 SP
656 657 4.4000 46.5600 ST
655 656 3.7400 17.6300 PS
656 658 3.7500 62.5900 SP
659 660 4.4000 46.5600 ST
658 659 3.7400 17.6300 PS
659 661 3.7500 62.5900 SP
662 663 4.3000 43.2500 SC
661 662 3.7400 17.6300 PS
662 664 3.7500 62.5900 SP
665 666 4.8500 44.3100 SA
664 665 3.7400 17.6300 PS
665 667 3.7500 62.5900 SP
668 669 4.9600 48.9800 SG
667 668 3.7400 17.6300 PS
668 670 3.7500 62.5900 SP
671 672 4.3000 43.2500 SC
670 671 3.7400 17.6300 PS
671 673 3.7500 62.5900 SP
674 675 4.4000 46.5600 ST
673 674 3.7400 17.6300 PS
674 676 3.7500 62.5900 SP
677 678 4.9600 48.9800 SG
676 677 3.7400 17.6300 PS
677 679 3.7500 62.5900 SP
680 681 4.8500 44.3100 SA
679 680 3.7400 17.6300 PS
680 682 3.7500 62.5900 SP
683 684 4.8500 44.3100 SA
682 683 3.7400 17.6300 PS
683 685 3.7500 62.5900 SP
686 687 4.3000 43.2500 SC
685 686 3.7400 17.6300 PS
686 688 3.7500 62.5900 SP
689 690 4.8500 44.3100 SA
688 689 3.7400 17.6300 PS
689 691 3.7500 62.5900 SP
692 693 4.4000 46.5600 ST
691 692 3.7400 17.6300 PS
692 694 3.7500 62.5900 SP
695 696 4.9600 48.9800 SG
694 695 3.7400 17.6300 PS
695 697 3.7500 62.5900 SP
698 699 4.3000 43.2500 SC
697 698 3.7400 17.6300 PS
698 700 3.7500 62.5900 SP
701 702 4.3000 43.2500 SC
700 701 3.7400 17.6300 PS
701 703 3.7500 62.5900 SP
704 705 4.4000 46.5600 ST
703 704 3.7400 17.6300 PS
704 706 3.7500 62.5900 SP
707 708 4.4000 46.5600 ST
706 707 3.7400 17.6300 PS
707 709 3.7500 62.5900 SP
710 711 4.4000 46.5600 ST
709 710 3.7400 17.6300 PS
710 712 3.7500 62.5900 SP
713 714 4.4000 46.5600 ST
712 713 3.7400 17.6300 PS
713 715 3.7500 62.5900 SP
716 717 4.9600 48.9800 SG
715 716 3.7400 17.6300 PS
716 718 3.7500 62.5900 SP
719 720 4.8500 44.3100 SA
718 719 3.7400 17.6300 PS
719 721 3.7500 62.5900 SP
722 723 4.4000 46.5600 ST
721 722 3.7400 17.6300 PS
722 724 3.7500 62.5900 SP
725 726 4.9600 48.9800 SG
724 725 3.7400 17.6300 PS
725 727 3.7500 62.5900 SP
728 729 4.9600 48.9800 SG
727 728 3.7400 17.6300 PS
728 730 3.7500 62.5900 SP
731 732 4.8500 44.3100 SA
730 731 3.7400 17.6300 PS
731 733 3.7500 62.5900 SP
734 735 4.9600 48.9800 SG
733 734 3.7400 17.6300 PS
734 736 3.7500 62.5900 SP
737 738 4.3000 43.2500 SC
736 737 3.7400 17.6300 PS
737 739 3.7500 62.5900 SP
740 741 4.8500 44.3100 SA
739 740 3.7400 17.6300 PS
740 742 3.7500 62.5900 SP
743 744 4.9600 48.9800 SG
742 743 3.7400 17.6300 PS
743 745 3.7500 62.5900 SP
746 747 4.4000 46.5600 ST
745 746 3.7400 17.6300 PS
746 748 3.7500 62.5900 SP
749 750 4.4000 46.5600 ST
748 749 3.7400 17.6300 PS
749 751 3.7500 62.5900 SP
752 753 4.4000 46.5600 ST
751 752 3.7400 17.6300 PS
752 754 3.7500 62.5900 SP
755 756 4.3000 43.2500 SC
754 755 3.7400 17.6300 PS
755 757 3.7500 62.5900 SP
758 759 4.3000 43.2500 SC
757 758 3.7400 17.6300 PS
758 760 3.7500 62.5900 SP
761 762 4.8500 44.3100 SA
760 761 3.7400 17.6300 PS
761 763 3.7500 62.5900 SP
764 765 4.8500 44.3100 SA
763 764 3.7400 17.6300 PS
764 766 3.7500 62.5900 SP
767 768 4.8500 44.3100 SA
766 767 3.7400 17.6300 PS
767 769 3.7500 62.5900 SP
770 771 4.4000 46.5600 ST
769 770 3.7400 17.6300 PS
770 772 3.7500 62.5900 SP
773 774 4.8500 44.3100 SA
772 773 3.7400 17.6300 PS
773 775 3.7500 62.5900 SP
776 777 4.3000 43.2500 SC
775 776 3.7400 17.6300 PS
776 778 3.7500 62.5900 SP
779 780 4.8500 44.3100 SA
778 779 3.7400 17.6300 PS
779 781 3.7500 62.5900 SP
782 783 4.3000 43.2500 SC
781 782 3.7400 17.6300 PS
782 784 3.7500 62.5900 SP
785 786 4.4000 46.5600 ST
784 785 3.7400 17.6300 PS
785 787 3.7500 62.5900 SP
788 789 4.4000 46.5600 ST
787 788 3.7400 17.6300 PS
788 790 3.7500 62.5900 SP
791 792 4.4000 46.5600 ST
790 791 3.7400 17.6300 PS
791 793 3.7500 62.5900 SP
794 795 4.4000 46.5600 ST
793 794 3.7400 17.6300 PS
794 796 3.7500 62.5900 SP
797 798 4.9600 48.9800 SG
796 797 3.7400 17.6300 PS
797 799 3.7500 62.5900 SP
800 801 4.9600 48.9800 SG
799 800 3.7400 17.6300 PS
800 802 3.7500 62.5900 SP
803 804 4.4000 46.5600 ST
802 803 3.7400 17.6300 PS
803 805 3.7500 62.5900 SP
806 807 4.8500 44.3100 SA
805 806 3.7400 17.6300 PS
806 808 3.7500 62.5900 SP
809 810 4.9600 48.9800 SG
808 809 3.7400 17.6300 PS
809 811 3.7500 62.5900 SP
812 813 4.8500 44.3100 SA
811 812 3.7400 17.6300 PS
812 814 3.7500 62.5900 SP
815 816 4.8500 44.3100 SA
814 815 3.7400 17.6300 PS
815 817 3.7500 62.5900 SP
818 819 4.4000 46.5600 ST
817 818 3.7400 17.6300 PS
818 820 3.7500 62.5900 SP
821 822 4.3000 43.2500 SC
820 821 3.7400 17.6300 PS
821 823 3.7500 62.5900 SP
824 825 4.4000 46.5600 ST
823 824 3.7400 17.6300 PS
824 826 3.7500 62.5900 SP
827 828 4.9600 48.9800 SG
826 827 3.7400 17.6300 PS
827 829 3.7500 62.5900 SP
830 831 4.3000 43.2500 SC
829 830 3.7400 17.6300 PS
830 832 3.7500 62.5900 SP
833 834 4.8500 44.3100 SA
832 833 3.7400 17.6300 PS
833 835 3.7500 62.5900 SP
836 837 4.9600 48.9800 SG
835 836 3.7400 17.6300 PS
836 838 3.7500 62.5900 SP
839 840 4.9600 48.9800 SG
838 839 3.7400 17.6300 PS
839 841 3.7500 62.5900 SP
842 843 4.4000 46.5600 ST
841 842 3.7400 17.6300 PS
842 844 3.7500 62.5900 SP
845 846 4.9600 48.9800 SG
844 845 3.7400 17.6300 PS
845 847 3.7500 62.5900 SP
848 849 4.9600 48.9800 SG
847 848 3.7400 17.6300 PS
848 850 3.7500 62.5900 SP
851 852 4.8500 44.3100 SA
850 851 3.7400 17.6300 PS
851 853 3.7500 62.5900 SP
854 855 4.4000 46.5600 ST
853 854 3.7400 17.6300 PS
854 856 3.7500 62.5900 SP
857 858 4.8500 44.3100 SA
856 857 3.7400 17.6300 PS
857 859 3.7500 62.5900 SP
860 861 4.4000 46.5600 ST
859 860 3.7400 17.6300 PS
860 862 3.7500 62.5900 SP
863 864 4.4000 46.5600 ST
862 863 3.7400 17.6300 PS
863 865 3.7500 62.5900 SP
866 867 4.9600 48.9800 SG
865 866 3.7400 17.6300 PS
866 868 3.7500 62.5900 SP
869 870 4.8500 44.3100 SA
868 869 3.7400 17.6300 PS
869 871 3.7500 62.5900 SP
872 873 4.4000 46.5600 ST
871 872 3.7400 17.6300 PS
