# p_i s_i b_i p_j s_j b_j p_k l0(A) phi1_0(rad) phi2_0(rad) h(kcal/mol) s Tm(K) dG0(kcal/mol) step
2 3 4 5 6 7 8 4.1435 2.645931 -3.098106 4.1300 0.7100 288.30 0.0000 TC
5 6 7 8 9 10 11 4.0399 2.646132 -3.098316 4.2100 0.9200 293.00 0.4900 CA
8 9 10 11 12 13 14 3.7180 2.646167 -3.098018 4.6700 0.9400 322.00 0.6000 AA
11 12 13 14 15 16 17 3.6764 2.646351 -3.097913 4.2800 0.6500 293.00 0.4900 AT
14 15 16 17 18 19 20 4.2404 2.646097 -3.098014 4.1800 0.8700 293.00 0.4900 TA
17 18 19 20 21 22 23 3.6767 2.645931 -3.098106 4.2800 0.6500 293.00 0.4900 AT
20 21 22 23 24 25 26 4.1433 2.646132 -3.098316 4.1300 0.7100 288.30 0.0000 TC
23 24 25 26 27 28 29 3.9377 2.646167 -3.098018 4.1500 0.9800 288.30 0.0000 CC
26 27 28 29 30 31 32 4.0397 2.646351 -3.097913 4.2100 0.9200 293.00 0.4900 CA
29 30 31 32 33 34 35 3.7458 2.646097 -3.098014 4.2400 0.7900 293.00 0.4900 AC
32 33 34 35 36 37 38 3.9374 2.645931 -3.098106 4.1500 0.9800 288.30 0.0000 CC
35 36 37 38 39 40 41 3.8000 2.646132 -3.098316 4.1800 0.9400 288.30 0.0000 CT
38 39 40 41 42 43 44 4.4176 2.646167 -3.098018 4.7000 1.6900 332.60 0.3800 TG
41 42 43 44 45 46 47 3.6366 2.646351 -3.097913 4.8100 2.3300 331.90 0.2600 GC
44 45 46 47 48 49 50 4.0397 2.646097 -3.098014 4.2100 0.9200 293.00 0.4900 CA
47 48 49 50 51 52 53 3.8293 2.645931 -3.098106 4.8200 0.9800 333.60 0.3900 AG
50 51 52 53 54 55 56 3.5783 2.646132 -3.098316 4.8300 1.0600 333.60 0.3900 GA
53 54 55 56 57 58 59 3.6768 2.646167 -3.098018 4.2800 0.6500 293.00 0.4900 AT
56 57 58 59 60 61 62 3.9854 2.646351 -3.097913 4.1700 0.8900 288.30 0.0000 TT
59 60 61 62 63 64 65 4.1438 2.646097 -3.098014 4.1300 0.7100 288.30 0.0000 TC
62 63 64 65 66 67 68 3.7999 2.645931 -3.098106 4.1800 0.9400 288.30 0.0000 CT
65 66 67 68 69 70 71 4.2400 2.646132 -3.098316 4.1800 0.8700 293.00 0.4900 TA
68 69 70 71 72 73 74 3.7460 2.646167 -3.098018 4.2400 0.7900 293.00 0.4900 AC
71 72 73 74 75 76 77 3.9373 2.646351 -3.097913 4.1500 0.9800 288.30 0.0000 CC
74 75 76 77 78 79 80 4.0397 2.646097 -3.098014 4.2100 0.9200 293.00 0.4900 CA
77 78 79 80 81 82 83 3.7180 2.645931 -3.098106 4.6700 0.9400 322.00 0.6000 AA
80 81 82 83 84 85 86 3.7180 2.646132 -3.098316 4.6700 0.9400 322.00 0.6000 AA
83 84 85 86 87 88 89 3.7180 2.646167 -3.098018 4.6700 0.9400 322.00 0.6000 AA
86 87 88 89 90 91 92 3.8293 2.646351 -3.097913 4.8200 0.9800 333.60 0.3900 AG
89 90 91 92 93 94 95 3.6006 2.646097 -3.098014 4.8600 1.7300 332.60 0.3800 GT
92 93 94 95 96 97 98 4.4178 2.645931 -3.098106 4.7000 1.6900 332.60 0.3800 TG
95 96 97 98 99 100 101 3.6006 2.646132 -3.098316 4.8600 1.7300 332.60 0.3800 GT
98 99 100 101 102 103 104 4.2397 2.646167 -3.098018 4.1800 0.8700 293.00 0.4900 TA
101 102 103 104 105 106 107 3.6764 2.646351 -3.097913 4.2800 0.6500 293.00 0.4900 AT
104 105 106 107 108 109 110 3.9860 2.646097 -3.098014 4.1700 0.8900 288.30 0.0000 TT
107 108 109 110 111 112 113 3.9859 2.645931 -3.098106 4.1700 0.8900 288.30 0.0000 TT
110 111 112 113 114 115 116 4.4177 2.646132 -3.098316 4.7000 1.6900 332.60 0.3800 TG
113 114 115 116 117 118 119 3.6660 2.646167 -3.098018 5.1300 -0.2900 353.90 0.3800 GG
116 117 118 119 120 121 122 3.5784 2.646351 -3.097913 4.8300 1.0600 333.60 0.3900 GA
119 120 121 122 123 124 125 3.7180 2.646097 -3.098014 4.6700 0.9400 322.00 0.6000 AA
122 123 124 125 126 127 128 3.7180 2.645931 -3.098106 4.6700 0.9400 322.00 0.6000 AA
125 126 127 128 129 130 131 3.7458 2.646132 -3.098316 4.2400 0.7900 293.00 0.4900 AC
128 129 130 131 132 133 134 3.8000 2.646167 -3.098018 4.1800 0.9400 288.30 0.0000 CT
131 132 133 134 135 136 137 4.4177 2.646351 -3.097913 4.7000 1.6900 332.60 0.3800 TG
134 135 136 137 138 139 140 3.6367 2.646097 -3.098014 4.8100 2.3300 331.90 0.2600 GC
137 138 139 140 141 142 143 3.7999 2.645931 -3.098106 4.1800 0.9400 288.30 0.0000 CT
140 141 142 143 144 145 146 4.1433 2.646132 -3.098316 4.1300 0.7100 288.30 0.0000 TC
143 144 145 146 147 148 149 3.9377 2.646167 -3.098018 4.1500 0.9800 288.30 0.0000 CC
146 147 148 149 150 151 152 4.0397 2.646351 -3.097913 4.2100 0.9200 293.00 0.4900 CA
149 150 151 152 153 154 155 3.6764 2.646097 -3.098014 4.2800 0.6500 293.00 0.4900 AT
152 153 154 155 156 157 158 4.1435 2.645931 -3.098106 4.1300 0.7100 288.30 0.0000 TC
155 156 157 158 159 160 161 4.0399 2.646132 -3.098316 4.2100 0.9200 293.00 0.4900 CA
158 159 160 161 162 163 164 3.7180 2.646167 -3.098018 4.6700 0.9400 322.00 0.6000 AA
161 162 163 164 165 166 167 3.7183 2.646351 -3.097913 4.6700 0.9400 322.00 0.6000 AA
164 165 166 167 168 169 170 3.7180 2.646097 -3.098014 4.6700 0.9400 322.00 0.6000 AA
167 168 169 170 171 172 173 3.8293 2.645931 -3.098106 4.8200 0.9800 333.60 0.3900 AG
170 171 172 173 174 175 176 3.6658 2.646132 -3.098316 5.1300 -0.2900 353.90 0.3800 GG
173 174 175 176 177 178 179 3.6368 2.646167 -3.098018 4.8100 2.3300 331.90 0.2600 GC
176 177 178 179 180 181 182 4.0397 2.646351 -3.097913 4.2100 0.9200 293.00 0.4900 CA
179 180 181 182 183 184 185 3.6764 2.646097 -3.098014 4.2800 0.6500 293.00 0.4900 AT
182 183 184 185 186 187 188 4.4178 2.645931 -3.098106 4.7000 1.6900 332.60 0.3800 TG
185 186 187 188 189 190 191 3.6006 2.646132 -3.098316 4.8600 1.7300 332.60 0.3800 GT
188 189 190 191 192 193 194 3.9856 2.646167 -3.098018 4.1700 0.8900 288.30 0.0000 TT
191 192 193 194 195 196 197 4.1434 2.646351 -3.097913 4.1300 0.7100 288.30 0.0000 TC
194 195 196 197 198 199 200 4.0397 2.646097 -3.098014 4.2100 0.9200 293.00 0.4900 CA
197 198 199 200 201 202 203 3.8293 2.645931 -3.098106 4.8200 0.9800 333.60 0.3900 AG
200 201 202 203 204 205 206 3.6366 2.646132 -3.098316 4.8100 2.3300 331.90 0.2600 GC
203 204 205 206 207 208 209 3.8000 2.646167 -3.098018 4.1800 0.9400 288.30 0.0000 CT
206 207 208 209 210 211 212 4.4177 2.646351 -3.097913 4.7000 1.6900 332.60 0.3800 TG
209 210 211 212 213 214 215 3.5785 2.646097 -3.098014 4.8300 1.0600 333.60 0.3900 GA
212 213 214 215 216 217 218 3.7180 2.645931 -3.098106 4.6700 0.9400 322.00 0.6000 AA
215 216 217 218 219 220 221 3.6766 2.646132 -3.098316 4.2800 0.6500 293.00 0.4900 AT
218 219 220 221 222 223 224 3.9856 2.646167 -3.098018 4.1700 0.8900 288.30 0.0000 TT
221 222 223 224 225 226 227 4.1434 2.646351 -3.097913 4.1300 0.7100 288.30 0.0000 TC
224 225 226 227 228 229 230 4.0397 2.646097 -3.098014 4.2100 0.9200 293.00 0.4900 CA
227 228 229 230 231 232 233 3.8293 2.645931 -3.098106 4.8200 0.9800 333.60 0.3900 AG
230 231 232 233 234 235 236 3.6366 2.646132 -3.098316 4.8100 2.3300 331.90 0.2600 GC
233 234 235 236 237 238 239 3.8000 2.646167 -3.098018 4.1800 0.9400 288.30 0.0000 CT
236 237 238 239 240 241 242 4.4177 2.646351 -3.097913 4.7000 1.6900 332.60 0.3800 TG
239 240 241 242 243 244 245 3.5785 2.646097 -3.098014 4.8300 1.0600 333.60 0.3900 GA
242 243 244 245 246 247 248 3.7180 2.645931 -3.098106 4.6700 0.9400 322.00 0.6000 AA
245 246 247 248 249 250 251 3.7458 2.646132 -3.098084 4.2400 0.7900 293.00 0.4900 AC
248 249 250 251 252 253 254 4.0398 2.646267 -3.098146 4.2100 0.9200 293.00 0.4900 CA
251 252 253 254 255 256 257 3.6764 2.646124 -3.097913 4.2800 0.6500 293.00 0.4900 AT
254 255 256 257 258 259 260 4.4178 2.646097 -3.098014 4.7000 1.6900 332.60 0.3800 TG
257 258 259 260 261 262 263 3.6369 2.645931 -3.098106 4.8100 2.3300 331.90 0.2600 GC
260 261 262 263 264 265 266 3.9375 2.646132 -3.098084 4.1500 0.9800 288.30 0.0000 CC
263 264 265 266 267 268 269 3.8000 2.646267 -3.098146 4.1800 0.9400 288.30 0.0000 CT
266 267 268 269 270 271 272 3.9854 2.646124 -3.097913 4.1700 0.8900 288.30 0.0000 TT
269 270 271 272 273 274 275 3.9860 2.646097 -3.098014 4.1700 0.8900 288.30 0.0000 TT
272 273 274 275 276 277 278 3.9859 2.645931 -3.098106 4.1700 0.8900 288.30 0.0000 TT
275 276 277 278 279 280 281 4.4177 2.646132 -3.098084 4.7000 1.6900 332.60 0.3800 TG
278 279 280 281 282 283 284 3.5784 2.646267 -3.098146 4.8300 1.0600 333.60 0.3900 GA
281 282 283 284 285 286 287 3.6764 2.646124 -3.097913 4.2800 0.6500 293.00 0.4900 AT
284 285 286 287 288 289 290 4.4178 2.646097 -3.098014 4.7000 1.6900 332.60 0.3800 TG
287 288 289 290 291 292 293 3.6661 2.645931 -3.098106 5.1300 -0.2900 353.90 0.3800 GG
290 291 292 293 294 295 296 3.5783 2.646132 -3.098084 4.8300 1.0600 333.60 0.3900 GA
293 294 295 296 297 298 299 3.8293 2.646267 -3.098146 4.8200 0.9800 333.60 0.3900 AG
296 297 298 299 300 301 302 3.6366 2.646124 -3.097913 4.8100 2.3300 331.90 0.2600 GC
299 300 301 302 303 304 305 4.0397 2.646097 -3.098014 4.2100 0.9200 293.00 0.4900 CA
302 303 304 305 306 307 308 3.8293 2.645931 -3.098106 4.8200 0.9800 333.60 0.3900 AG
305 306 307 308 309 310 311 3.6006 2.646132 -3.098084 4.8600 1.7300 332.60 0.3800 GT
308 309 310 311 312 313 314 3.9856 2.646267 -3.098146 4.1700 0.8900 288.30 0.0000 TT
311 312 313 314 315 316 317 3.9854 2.646124 -3.097913 4.1700 0.8900 288.30 0.0000 TT
314 315 316 317 318 319 320 4.1438 2.646097 -3.098014 4.1300 0.7100 288.30 0.0000 TC
317 318 319 320 321 322 323 3.9374 2.645931 -3.098106 4.1500 0.9800 288.30 0.0000 CC
320 321 322 323 324 325 326 4.0399 2.646132 -3.098084 4.2100 0.9200 293.00 0.4900 CA
323 324 325 326 327 328 329 3.7180 2.646267 -3.098146 4.6700 0.9400 322.00 0.6000 AA
326 327 328 329 330 331 332 3.7178 2.646124 -3.097913 4.6700 0.9400 322.00 0.6000 AA
329 330 331 332 333 334 335 3.6769 2.646097 -3.098014 4.2800 0.6500 293.00 0.4900 AT
332 333 334 335 336 337 338 4.2400 2.645931 -3.098106 4.1800 0.8700 293.00 0.4900 TA
335 336 337 338 339 340 341 3.7458 2.646132 -3.098084 4.2400 0.7900 293.00 0.4900 AC
338 339 340 341 342 343 344 4.0398 2.646267 -3.098146 4.2100 0.9200 293.00 0.4900 CA
341 342 343 344 345 346 347 3.7459 2.646124 -3.097913 4.2400 0.7900 293.00 0.4900 AC
344 345 346 347 348 349 350 3.7998 2.646097 -3.098014 4.1800 0.9400 288.30 0.0000 CT
347 348 349 350 351 352 353 3.9859 2.645931 -3.098106 4.1700 0.8900 288.30 0.0000 TT
350 351 352 353 354 355 356 3.9859 2.646132 -3.098084 4.1700 0.8900 288.30 0.0000 TT
353 354 355 356 357 358 359 3.9856 2.646267 -3.098146 4.1700 0.8900 288.30 0.0000 TT
356 357 358 359 360 361 362 4.4177 2.646124 -3.097913 4.7000 1.6900 332.60 0.3800 TG
359 360 361 362 363 364 365 3.6659 2.646097 -3.098014 5.1300 -0.2900 353.90 0.3800 GG
362 363 364 365 366 367 368 3.6009 2.645931 -3.098106 4.8600 1.7300 332.60 0.3800 GT
365 366 367 368 369 370 371 4.2400 2.646132 -3.098084 4.1800 0.8700 293.00 0.4900 TA
368 369 370 371 372 373 374 3.8293 2.646267 -3.098146 4.8200 0.9800 333.60 0.3900 AG
371 372 373 374 375 376 377 3.5781 2.646124 -3.097913 4.8300 1.0600 333.60 0.3900 GA
374 375 376 377 378 379 380 3.7184 2.646097 -3.098014 4.6700 0.9400 322.00 0.6000 AA
377 378 379 380 381 382 383 3.6767 2.645931 -3.098106 4.2800 0.6500 293.00 0.4900 AT
380 381 382 383 384 385 386 4.1433 2.646132 -3.098084 4.1300 0.7100 288.30 0.0000 TC
383 384 385 386 387 388 389 3.8000 2.646267 -3.098146 4.1800 0.9400 288.30 0.0000 CT
386 387 388 389 390 391 392 4.4177 2.646124 -3.097913 4.7000 1.6900 332.60 0.3800 TG
389 390 391 392 393 394 395 3.6367 2.646097 -3.098014 4.8100 2.3300 331.90 0.2600 GC
392 393 394 395 396 397 398 4.0397 2.645931 -3.098106 4.2100 0.9200 293.00 0.4900 CA
395 396 397 398 399 400 401 3.8293 2.646132 -3.098084 4.8200 0.9800 333.60 0.3900 AG
398 399 400 401 402 403 404 3.6660 2.646267 -3.098146 5.1300 -0.2900 353.90 0.3800 GG
401 402 403 404 405 406 407 3.6005 2.646124 -3.097913 4.8600 1.7300 332.60 0.3800 GT
404 405 406 407 408 409 410 4.4178 2.646097 -3.098014 4.7000 1.6900 332.60 0.3800 TG
407 408 409 410 411 412 413 3.6661 2.645931 -3.098106 5.1300 -0.2900 353.90 0.3800 GG
410 411 412 413 414 415 416 3.5783 2.646132 -3.098084 4.8300 1.0600 333.60 0.3900 GA
413 414 415 416 417 418 419 3.6768 2.646267 -3.098146 4.2800 0.6500 293.00 0.4900 AT
416 417 418 419 420 421 422 4.2396 2.646124 -3.097913 4.1800 0.8700 293.00 0.4900 TA
419 420 421 422 423 424 425 3.6769 2.646097 -3.098014 4.2800 0.6500 293.00 0.4900 AT
422 423 424 425 426 427 428 3.9859 2.645931 -3.098106 4.1700 0.8900 288.30 0.0000 TT
425 426 427 428 429 430 431 4.4177 2.646132 -3.098084 4.7000 1.6900 332.60 0.3800 TG
428 429 430 431 432 433 434 3.5784 2.646267 -3.098146 4.8300 1.0600 333.60 0.3900 GA
439 440 441 442 443 444 445 4.1440 2.645931 -3.098106 4.1300 0.7100 288.30 0.0000 TC
442 443 444 445 446 447 448 4.0394 2.646132 -3.098316 4.2100 0.9200 293.00 0.4900 CA
445 446 447 448 449 450 451 3.7180 2.646167 -3.098018 4.6700 0.9400 322.00 0.6000 AA
448 449 450 451 452 453 454 3.6767 2.646351 -3.097913 4.2800 0.6500 293.00 0.4900 AT
451 452 453 454 455 456 457 4.2399 2.646097 -3.098014 4.1800 0.8700 293.00 0.4900 TA
454 455 456 457 458 459 460 3.6767 2.645931 -3.098106 4.2800 0.6500 293.00 0.4900 AT
457 458 459 460 461 462 463 4.1433 2.646132 -3.098316 4.1300 0.7100 288.30 0.0000 TC
460 461 462 463 464 465 466 3.9377 2.646167 -3.098018 4.1500 0.9800 288.30 0.0000 CC
463 464 465 466 467 468 469 4.0397 2.646351 -3.097913 4.2100 0.9200 293.00 0.4900 CA
466 467 468 469 470 471 472 3.7458 2.646097 -3.098014 4.2400 0.7900 293.00 0.4900 AC
469 470 471 472 473 474 475 3.9379 2.645931 -3.098106 4.1500 0.9800 288.30 0.0000 CC
472 473 474 475 476 477 478 3.7996 2.646132 -3.098316 4.1800 0.9400 288.30 0.0000 CT
475 476 477 478 479 480 481 4.4176 2.646167 -3.098018 4.7000 1.6900 332.60 0.3800 TG
478 479 480 481 482 483 484 3.6366 2.646351 -3.097913 4.8100 2.3300 331.90 0.2600 GC
481 482 483 484 485 486 487 4.0397 2.646097 -3.098014 4.2100 0.9200 293.00 0.4900 CA
484 485 486 487 488 489 490 3.8293 2.645931 -3.098106 4.8200 0.9800 333.60 0.3900 AG
487 488 489 490 491 492 493 3.5783 2.646132 -3.098316 4.8300 1.0600 333.60 0.3900 GA
490 491 492 493 494 495 496 3.6768 2.646167 -3.098018 4.2800 0.6500 293.00 0.4900 AT
493 494 495 496 497 498 499 3.9859 2.646351 -3.097913 4.1700 0.8900 288.30 0.0000 TT
496 497 498 499 500 501 502 4.1433 2.646097 -3.098014 4.1300 0.7100 288.30 0.0000 TC
499 500 501 502 503 504 505 3.7999 2.645931 -3.098106 4.1800 0.9400 288.30 0.0000 CT
502 503 504 505 506 507 508 4.2400 2.646132 -3.098316 4.1800 0.8700 293.00 0.4900 TA
505 506 507 508 509 510 511 3.7460 2.646167 -3.098018 4.2400 0.7900 293.00 0.4900 AC
508 509 510 511 512 513 514 3.9373 2.646351 -3.097913 4.1500 0.9800 288.30 0.0000 CC
511 512 513 514 515 516 517 4.0397 2.646097 -3.098014 4.2100 0.9200 293.00 0.4900 CA
514 515 516 517 518 519 520 3.7180 2.645931 -3.098106 4.6700 0.9400 322.00 0.6000 AA
517 518 519 520 521 522 523 3.7180 2.646132 -3.098316 4.6700 0.9400 322.00 0.6000 AA
520 521 522 523 524 525 526 3.7180 2.646167 -3.098018 4.6700 0.9400 322.00 0.6000 AA
523 524 525 526 527 528 529 3.8293 2.646351 -3.097913 4.8200 0.9800 333.60 0.3900 AG
526 527 528 529 530 531 532 3.6006 2.646097 -3.098014 4.8600 1.7300 332.60 0.3800 GT
529 530 531 532 533 534 535 4.4178 2.645931 -3.098106 4.7000 1.6900 332.60 0.3800 TG
532 533 534 535 536 537 538 3.6006 2.646132 -3.098316 4.8600 1.7300 332.60 0.3800 GT
535 536 537 538 539 540 541 4.2397 2.646167 -3.098018 4.1800 0.8700 293.00 0.4900 TA
538 539 540 541 542 543 544 3.6767 2.646351 -3.097913 4.2800 0.6500 293.00 0.4900 AT
541 542 543 544 545 546 547 3.9855 2.646097 -3.098014 4.1700 0.8900 288.30 0.0000 TT
544 545 546 547 548 549 550 3.9859 2.645931 -3.098106 4.1700 0.8900 288.30 0.0000 TT
547 548 549 550 551 552 553 4.4177 2.646132 -3.098316 4.7000 1.6900 332.60 0.3800 TG
550 551 552 553 554 555 556 3.6660 2.646167 -3.098018 5.1300 -0.2900 353.90 0.3800 GG
553 554 555 556 557 558 559 3.5784 2.646351 -3.097913 4.8300 1.0600 333.60 0.3900 GA
556 557 558 559 560 561 562 3.7180 2.646097 -3.098014 4.6700 0.9400 322.00 0.6000 AA
559 560 561 562 563 564 565 3.7180 2.645931 -3.098106 4.6700 0.9400 322.00 0.6000 AA
562 563 564 565 566 567 568 3.7458 2.646132 -3.098316 4.2400 0.7900 293.00 0.4900 AC
565 566 567 568 569 570 571 3.8000 2.646167 -3.098018 4.1800 0.9400 288.30 0.0000 CT
568 569 570 571 572 573 574 4.4177 2.646351 -3.097913 4.7000 1.6900 332.60 0.3800 TG
571 572 573 574 575 576 577 3.6367 2.646097 -3.098014 4.8100 2.3300 331.90 0.2600 GC
574 575 576 577 578 579 580 3.7999 2.645931 -3.098106 4.1800 0.9400 288.30 0.0000 CT
577 578 579 580 581 582 583 4.1433 2.646132 -3.098316 4.1300 0.7100 288.30 0.0000 TC
580 581 582 583 584 585 586 3.9377 2.646167 -3.098018 4.1500 0.9800 288.30 0.0000 CC
583 584 585 586 587 588 589 4.0397 2.646351 -3.097913 4.2100 0.9200 293.00 0.4900 CA
586 587 588 589 590 591 592 3.6764 2.646097 -3.098014 4.2800 0.6500 293.00 0.4900 AT
589 590 591 592 593 594 595 4.1440 2.645931 -3.098106 4.1300 0.7100 288.30 0.0000 TC
592 593 594 595 596 597 598 4.0394 2.646132 -3.098316 4.2100 0.9200 293.00 0.4900 CA
595 596 597 598 599 600 601 3.7180 2.646167 -3.098018 4.6700 0.9400 322.00 0.6000 AA
598 599 600 601 602 603 604 3.7183 2.646351 -3.097913 4.6700 0.9400 322.00 0.6000 AA
601 602 603 604 605 606 607 3.7180 2.646097 -3.098014 4.6700 0.9400 322.00 0.6000 AA
604 605 606 607 608 609 610 3.8293 2.645931 -3.098106 4.8200 0.9800 333.60 0.3900 AG
607 608 609 610 611 612 613 3.6658 2.646132 -3.098316 5.1300 -0.2900 353.90 0.3800 GG
610 611 612 613 614 615 616 3.6368 2.646167 -3.098018 4.8100 2.3300 331.90 0.2600 GC
613 614 615 616 617 618 619 4.0397 2.646351 -3.097913 4.2100 0.9200 293.00 0.4900 CA
616 617 618 619 620 621 622 3.6764 2.646097 -3.098014 4.2800 0.6500 293.00 0.4900 AT
619 620 621 622 623 624 625 4.4178 2.645931 -3.098106 4.7000 1.6900 332.60 0.3800 TG
622 623 624 625 626 627 628 3.6006 2.646132 -3.098316 4.8600 1.7300 332.60 0.3800 GT
625 626 627 628 629 630 631 3.9856 2.646167 -3.098018 4.1700 0.8900 288.30 0.0000 TT
628 629 630 631 632 633 634 4.1434 2.646351 -3.097913 4.1300 0.7100 288.30 0.0000 TC
631 632 633 634 635 636 637 4.0397 2.646097 -3.098014 4.2100 0.9200 293.00 0.4900 CA
634 635 636 637 638 639 640 3.8293 2.645931 -3.098106 4.8200 0.9800 333.60 0.3900 AG
637 638 639 640 641 642 643 3.6366 2.646132 -3.098316 4.8100 2.3300 331.90 0.2600 GC
640 641 642 643 644 645 646 3.8000 2.646167 -3.098018 4.1800 0.9400 288.30 0.0000 CT
643 644 645 646 647 648 649 4.4177 2.646351 -3.097913 4.7000 1.6900 332.60 0.3800 TG
646 647 648 649 650 651 652 3.5785 2.646097 -3.098014 4.8300 1.0600 333.60 0.3900 GA
649 650 651 652 653 654 655 3.7180 2.645931 -3.098106 4.6700 0.9400 322.00 0.6000 AA
652 653 654 655 656 657 658 3.6766 2.646132 -3.098316 4.2800 0.6500 293.00 0.4900 AT
655 656 657 658 659 660 661 3.9856 2.646167 -3.098018 4.1700 0.8900 288.30 0.0000 TT
658 659 660 661 662 663 664 4.1434 2.646351 -3.097913 4.1300 0.7100 288.30 0.0000 TC
661 662 663 664 665 666 667 4.0397 2.646097 -3.098014 4.2100 0.9200 293.00 0.4900 CA
664 665 666 667 668 669 670 3.8293 2.645931 -3.098106 4.8200 0.9800 333.60 0.3900 AG
667 668 669 670 671 672 673 3.6366 2.646132 -3.098316 4.8100 2.3300 331.90 0.2600 GC
670 671 672 673 674 675 676 3.8000 2.646167 -3.098018 4.1800 0.9400 288.30 0.0000 CT
673 674 675 676 677 678 679 4.4177 2.646351 -3.097913 4.7000 1.6900 332.60 0.3800 TG
676 677 678 679 680 681 682 3.5785 2.646097 -3.098014 4.8300 1.0600 333.60 0.3900 GA
679 680 681 682 683 684 685 3.7180 2.645931 -3.098106 4.6700 0.9400 322.00 0.6000 AA
682 683 684 685 686 687 688 3.7458 2.646132 -3.098316 4.2400 0.7900 293.00 0.4900 AC
685 686 687 688 689 690 691 4.0398 2.646167 -3.098018 4.2100 0.9200 293.00 0.4900 CA
688 689 690 691 692 693 694 3.6767 2.646351 -3.097913 4.2800 0.6500 293.00 0.4900 AT
691 692 693 694 695 696 697 4.4174 2.646097 -3.098014 4.7000 1.6900 332.60 0.3800 TG
694 695 696 697 698 699 700 3.6371 2.645931 -3.098106 4.8100 2.3300 331.90 0.2600 GC
697 698 699 700 701 702 703 3.9370 2.646132 -3.098316 4.1500 0.9800 288.30 0.0000 CC
700 701 702 703 704 705 706 3.8000 2.646167 -3.098018 4.1800 0.9400 288.30 0.0000 CT
703 704 705 706 707 708 709 3.9859 2.646351 -3.097913 4.1700 0.8900 288.30 0.0000 TT
706 707 708 709 710 711 712 3.9855 2.646097 -3.098014 4.1700 0.8900 288.30 0.0000 TT
709 710 711 712 713 714 715 3.9859 2.645931 -3.098106 4.1700 0.8900 288.30 0.0000 TT
712 713 714 715 716 717 718 4.4177 2.646132 -3.098316 4.7000 1.6900 332.60 0.3800 TG
715 716 717 718 719 720 721 3.5784 2.646167 -3.098018 4.8300 1.0600 333.60 0.3900 GA
718 719 720 721 722 723 724 3.6767 2.646351 -3.097913 4.2800 0.6500 293.00 0.4900 AT
721 722 723 724 725 726 727 4.4174 2.646097 -3.098014 4.7000 1.6900 332.60 0.3800 TG
724 725 726 727 728 729 730 3.6661 2.645931 -3.098106 5.1300 -0.2900 353.90 0.3800 GG
727 728 729 730 731 732 733 3.5783 2.646132 -3.098316 4.8300 1.0600 333.60 0.3900 GA
730 731 732 733 734 735 736 3.8293 2.646167 -3.098018 4.8200 0.9800 333.60 0.3900 AG
733 734 735 736 737 738 739 3.6366 2.646351 -3.097913 4.8100 2.3300 331.90 0.2600 GC
736 737 738 739 740 741 742 4.0397 2.646097 -3.098014 4.2100 0.9200 293.00 0.4900 CA
739 740 741 742 743 744 745 3.8293 2.645931 -3.098106 4.8200 0.9800 333.60 0.3900 AG
742 743 744 745 746 747 748 3.6006 2.646132 -3.098316 4.8600 1.7300 332.60 0.3800 GT
745 746 747 748 749 750 751 3.9856 2.646167 -3.098018 4.1700 0.8900 288.30 0.0000 TT
748 749 750 751 752 753 754 3.9859 2.646351 -3.097913 4.1700 0.8900 288.30 0.0000 TT
751 752 753 754 755 756 757 4.1433 2.646097 -3.098014 4.1300 0.7100 288.30 0.0000 TC
754 755 756 757 758 759 760 3.9379 2.645931 -3.098106 4.1500 0.9800 288.30 0.0000 CC
757 758 759 760 761 762 763 4.0394 2.646132 -3.098316 4.2100 0.9200 293.00 0.4900 CA
760 761 762 763 764 765 766 3.7180 2.646167 -3.098018 4.6700 0.9400 322.00 0.6000 AA
763 764 765 766 767 768 769 3.7183 2.646351 -3.097913 4.6700 0.9400 322.00 0.6000 AA
766 767 768 769 770 771 772 3.6764 2.646097 -3.098014 4.2800 0.6500 293.00 0.4900 AT
769 770 771 772 773 774 775 4.2400 2.645931 -3.098106 4.1800 0.8700 293.00 0.4900 TA
772 773 774 775 776 777 778 3.7458 2.646132 -3.098316 4.2400 0.7900 293.00 0.4900 AC
775 776 777 778 779 780 781 4.0398 2.646167 -3.098018 4.2100 0.9200 293.00 0.4900 CA
778 779 780 781 782 783 784 3.7459 2.646351 -3.097913 4.2400 0.7900 293.00 0.4900 AC
781 782 783 784 785 786 787 3.7998 2.646097 -3.098014 4.1800 0.9400 288.30 0.0000 CT
784 785 786 787 788 789 790 3.9859 2.645931 -3.098106 4.1700 0.8900 288.30 0.0000 TT
787 788 789 790 791 792 793 3.9859 2.646132 -3.098316 4.1700 0.8900 288.30 0.0000 TT
790 791 792 793 794 795 796 3.9856 2.646167 -3.098018 4.1700 0.8900 288.30 0.0000 TT
793 794 795 796 797 798 799 4.4177 2.646351 -3.097913 4.7000 1.6900 332.60 0.3800 TG
796 797 798 799 800 801 802 3.6659 2.646097 -3.098014 5.1300 -0.2900 353.90 0.3800 GG
799 800 801 802 803 804 805 3.6009 2.645931 -3.098106 4.8600 1.7300 332.60 0.3800 GT
802 803 804 805 806 807 808 4.2400 2.646132 -3.098316 4.1800 0.8700 293.00 0.4900 TA
805 806 807 808 809 810 811 3.8293 2.646167 -3.098018 4.8200 0.9800 333.60 0.3900 AG
808 809 810 811 812 813 814 3.5784 2.646351 -3.097913 4.8300 1.0600 333.60 0.3900 GA
811 812 813 814 815 816 817 3.7180 2.646097 -3.098014 4.6700 0.9400 322.00 0.6000 AA
814 815 816 817 818 819 820 3.6767 2.645931 -3.098106 4.2800 0.6500 293.00 0.4900 AT
817 818 819 820 821 822 823 4.1433 2.646132 -3.098316 4.1300 0.7100 288.30 0.0000 TC
820 821 822 823 824 825 826 3.8000 2.646167 -3.098018 4.1800 0.9400 288.30 0.0000 CT
823 824 825 826 827 828 829 4.4177 2.646351 -3.097913 4.7000 1.6900 332.60 0.3800 TG
826 827 828 829 830 831 832 3.6367 2.646097 -3.098014 4.8100 2.3300 331.90 0.2600 GC
829 830 831 832 833 834 835 4.0397 2.645931 -3.098106 4.2100 0.9200 293.00 0.4900 CA
832 833 834 835 836 837 838 3.8293 2.646132 -3.098316 4.8200 0.9800 333.60 0.3900 AG
835 836 837 838 839 840 841 3.6660 2.646167 -3.098018 5.1300 -0.2900 353.90 0.3800 GG
838 839 840 841 842 843 844 3.6005 2.646351 -3.097913 4.8600 1.7300 332.60 0.3800 GT
841 842 843 844 845 846 847 4.4178 2.646097 -3.098014 4.7000 1.6900 332.60 0.3800 TG
844 845 846 847 848 849 850 3.6661 2.645931 -3.098106 5.1300 -0.2900 353.90 0.3800 GG
847 848 849 850 851 852 853 3.5783 2.646132 -3.098316 4.8300 1.0600 333.60 0.3900 GA
850 851 852 853 854 855 856 3.6768 2.646167 -3.098018 4.2800 0.6500 293.00 0.4900 AT
853 854 855 856 857 858 859 4.2402 2.646351 -3.097913 4.1800 0.8700 293.00 0.4900 TA
856 857 858 859 860 861 862 3.6764 2.646097 -3.098014 4.2800 0.6500 293.00 0.4900 AT
859 860 861 862 863 864 865 3.9859 2.645931 -3.098106 4.1700 0.8900 288.30 0.0000 TT
862 863 864 865 866 867 868 4.4177 2.646132 -3.098316 4.7000 1.6900 332.60 0.3800 TG
865 866 867 868 869 870 871 3.5784 2.646167 -3.098018 4.8300 1.0600 333.60 0.3900 GA
