# s1 b1 b5 s5 p6 p2 d0(A) theta1_0 theta2_0 psi1_0 psi2_0 psi3_0 UHB0(kcal/mol) pair
0 1 873 872 -1 2 5.9409 2.705229 2.344713 0.448879 0.448879 -1.315225 -3.8400 AT
3 4 870 869 871 5 5.9408 2.344811 2.704918 0.448795 -1.315181 -1.297267 -3.8400 TA
6 7 867 866 868 8 5.5305 2.433807 2.760863 0.494794 -1.316092 -1.279067 -5.7600 CG
9 10 864 863 865 11 5.9405 2.704853 2.344912 0.448768 -1.297222 -1.315235 -3.8400 AT
12 13 861 860 862 14 5.9408 2.704918 2.344811 0.448795 -1.297267 -1.315181 -3.8400 AT
15 16 858 857 859 17 5.9409 2.344713 2.705229 0.448879 -1.315225 -1.297093 -3.8400 TA
18 19 855 854 856 20 5.9408 2.704934 2.344835 0.448796 -1.297253 -1.315172 -3.8400 AT
21 22 852 851 853 23 5.9405 2.344912 2.704853 0.448768 -1.315235 -1.297222 -3.8400 TA
24 25 849 848 850 26 5.5300 2.433659 2.761078 0.494848 -1.316026 -1.279226 -5.7600 CG
27 28 846 845 847 29 5.5297 2.434024 2.760779 0.494639 -1.315853 -1.279055 -5.7600 CG
30 31 843 842 844 32 5.9409 2.705229 2.344713 0.448879 -1.297093 -1.315225 -3.8400 AT
33 34 840 839 841 35 5.5298 2.433797 2.761023 0.494796 -1.316003 -1.279064 -5.7600 CG
36 37 837 836 838 38 5.5305 2.433807 2.760863 0.494794 -1.316092 -1.279067 -5.7600 CG
39 40 834 833 835 41 5.9407 2.344902 2.704899 0.448831 -1.315126 -1.297445 -3.8400 TA
42 43 831 830 832 44 5.5298 2.761023 2.433797 0.494796 -1.279064 -1.316003 -5.7600 GC
45 46 828 827 829 47 5.5302 2.434006 2.760995 0.494794 -1.315938 -1.278942 -5.7600 CG
48 49 825 824 826 50 5.9408 2.704934 2.344835 0.448796 -1.297253 -1.315172 -3.8400 AT
51 52 822 821 823 53 5.5300 2.761078 2.433659 0.494848 -1.279226 -1.316026 -5.7600 GC
54 55 819 818 820 56 5.9405 2.704853 2.344912 0.448768 -1.297222 -1.315235 -3.8400 AT
57 58 816 815 817 59 5.9408 2.344835 2.704934 0.448796 -1.315172 -1.297253 -3.8400 TA
60 61 813 812 814 62 5.9409 2.344713 2.705229 0.448879 -1.315225 -1.297093 -3.8400 TA
63 64 810 809 811 65 5.5298 2.433797 2.761023 0.494796 -1.316003 -1.279064 -5.7600 CG
66 67 807 806 808 68 5.9405 2.344912 2.704853 0.448768 -1.315235 -1.297222 -3.8400 TA
69 70 804 803 805 71 5.9405 2.704853 2.344912 0.448768 -1.297222 -1.315235 -3.8400 AT
72 73 801 800 802 74 5.5297 2.434024 2.760779 0.494639 -1.315853 -1.279055 -5.7600 CG
75 76 798 797 799 77 5.5302 2.434006 2.760995 0.494794 -1.315938 -1.278942 -5.7600 CG
78 79 795 794 796 80 5.9408 2.704934 2.344835 0.448796 -1.297253 -1.315172 -3.8400 AT
81 82 792 791 793 83 5.9407 2.704899 2.344902 0.448831 -1.297445 -1.315126 -3.8400 AT
84 85 789 788 790 86 5.9405 2.704853 2.344912 0.448768 -1.297222 -1.315235 -3.8400 AT
87 88 786 785 787 89 5.9408 2.704918 2.344811 0.448795 -1.297267 -1.315181 -3.8400 AT
90 91 783 782 784 92 5.5302 2.760995 2.434006 0.494794 -1.278942 -1.315938 -5.7600 GC
93 94 780 779 781 95 5.9408 2.344811 2.704918 0.448795 -1.315181 -1.297267 -3.8400 TA
96 97 777 776 778 98 5.5300 2.761078 2.433659 0.494848 -1.279226 -1.316026 -5.7600 GC
99 100 774 773 775 101 5.9407 2.344902 2.704899 0.448831 -1.315126 -1.297445 -3.8400 TA
102 103 771 770 772 104 5.9408 2.704918 2.344811 0.448795 -1.297267 -1.315181 -3.8400 AT
105 106 768 767 769 107 5.9409 2.344713 2.705229 0.448879 -1.315225 -1.297093 -3.8400 TA
108 109 765 764 766 110 5.9408 2.344811 2.704918 0.448795 -1.315181 -1.297267 -3.8400 TA
111 112 762 761 763 113 5.9405 2.344912 2.704853 0.448768 -1.315235 -1.297222 -3.8400 TA
114 115 759 758 760 116 5.5301 2.760704 2.434185 0.494748 -1.279068 -1.315948 -5.7600 GC
117 118 756 755 757 119 5.5298 2.761023 2.433797 0.494796 -1.279064 -1.316003 -5.7600 GC
120 121 753 752 754 122 5.9408 2.705067 2.345044 0.448866 -1.297102 -1.315119 -3.8400 AT
123 124 750 749 751 125 5.9408 2.704934 2.344835 0.448796 -1.297253 -1.315172 -3.8400 AT
126 127 747 746 748 128 5.9407 2.704899 2.344902 0.448831 -1.297445 -1.315126 -3.8400 AT
129 130 744 743 745 131 5.5300 2.433659 2.761078 0.494848 -1.316026 -1.279226 -5.7600 CG
132 133 741 740 742 134 5.9408 2.344835 2.704934 0.448796 -1.315172 -1.297253 -3.8400 TA
135 136 738 737 739 137 5.5302 2.760995 2.434006 0.494794 -1.278942 -1.315938 -5.7600 GC
138 139 735 734 736 140 5.5298 2.433797 2.761023 0.494796 -1.316003 -1.279064 -5.7600 CG
141 142 732 731 733 143 5.9405 2.344912 2.704853 0.448768 -1.315235 -1.297222 -3.8400 TA
144 145 729 728 730 146 5.5300 2.433659 2.761078 0.494848 -1.316026 -1.279226 -5.7600 CG
147 148 726 725 727 149 5.5297 2.434024 2.760779 0.494639 -1.315853 -1.279055 -5.7600 CG
150 151 723 722 724 152 5.9408 2.705067 2.345044 0.448866 -1.297102 -1.315119 -3.8400 AT
153 154 720 719 721 155 5.9408 2.344811 2.704918 0.448795 -1.315181 -1.297267 -3.8400 TA
156 157 717 716 718 158 5.5305 2.433807 2.760863 0.494794 -1.316092 -1.279067 -5.7600 CG
159 160 714 713 715 161 5.9405 2.704853 2.344912 0.448768 -1.297222 -1.315235 -3.8400 AT
162 163 711 710 712 164 5.9408 2.704918 2.344811 0.448795 -1.297267 -1.315181 -3.8400 AT
165 166 708 707 709 167 5.9408 2.705067 2.345044 0.448866 -1.297102 -1.315119 -3.8400 AT
168 169 705 704 706 170 5.9408 2.704934 2.344835 0.448796 -1.297253 -1.315172 -3.8400 AT
171 172 702 701 703 173 5.5300 2.761078 2.433659 0.494848 -1.279226 -1.316026 -5.7600 GC
174 175 699 698 700 176 5.5301 2.760704 2.434185 0.494748 -1.279068 -1.315948 -5.7600 GC
177 178 696 695 697 179 5.5297 2.434024 2.760779 0.494639 -1.315853 -1.279055 -5.7600 CG
180 181 693 692 694 182 5.9408 2.705067 2.345044 0.448866 -1.297102 -1.315119 -3.8400 AT
183 184 690 689 691 185 5.9408 2.344811 2.704918 0.448795 -1.315181 -1.297267 -3.8400 TA
186 187 687 686 688 188 5.5300 2.761078 2.433659 0.494848 -1.279226 -1.316026 -5.7600 GC
189 190 684 683 685 191 5.9407 2.344902 2.704899 0.448831 -1.315126 -1.297445 -3.8400 TA
192 193 681 680 682 194 5.9408 2.344835 2.704934 0.448796 -1.315172 -1.297253 -3.8400 TA
195 196 678 677 679 197 5.5302 2.434006 2.760995 0.494794 -1.315938 -1.278942 -5.7600 CG
198 199 675 674 676 200 5.9408 2.704934 2.344835 0.448796 -1.297253 -1.315172 -3.8400 AT
201 202 672 671 673 203 5.5300 2.761078 2.433659 0.494848 -1.279226 -1.316026 -5.7600 GC
204 205 669 668 670 206 5.5300 2.433659 2.761078 0.494848 -1.316026 -1.279226 -5.7600 CG
207 208 666 665 667 209 5.9408 2.344835 2.704934 0.448796 -1.315172 -1.297253 -3.8400 TA
210 211 663 662 664 212 5.5302 2.760995 2.434006 0.494794 -1.278942 -1.315938 -5.7600 GC
213 214 660 659 661 215 5.9408 2.704934 2.344835 0.448796 -1.297253 -1.315172 -3.8400 AT
216 217 657 656 658 218 5.9407 2.704899 2.344902 0.448831 -1.297445 -1.315126 -3.8400 AT
219 220 654 653 655 221 5.9407 2.344902 2.704899 0.448831 -1.315126 -1.297445 -3.8400 TA
222 223 651 650 652 224 5.9408 2.344835 2.704934 0.448796 -1.315172 -1.297253 -3.8400 TA
225 226 648 647 649 227 5.5302 2.434006 2.760995 0.494794 -1.315938 -1.278942 -5.7600 CG
228 229 645 644 646 230 5.9408 2.704934 2.344835 0.448796 -1.297253 -1.315172 -3.8400 AT
231 232 642 641 643 233 5.5300 2.761078 2.433659 0.494848 -1.279226 -1.316026 -5.7600 GC
234 235 639 638 640 236 5.5300 2.433659 2.761078 0.494848 -1.316026 -1.279226 -5.7600 CG
237 238 636 635 637 239 5.9408 2.344835 2.704934 0.448796 -1.315172 -1.297253 -3.8400 TA
240 241 633 632 634 242 5.5302 2.760995 2.434006 0.494794 -1.278942 -1.315938 -5.7600 GC
243 244 630 629 631 245 5.9408 2.704934 2.344835 0.448796 -1.297253 -1.315172 -3.8400 AT
246 247 627 626 628 248 5.9407 2.704899 2.344902 0.448831 -1.297445 -1.315126 -3.8400 AT
249 250 624 623 625 251 5.5300 2.433659 2.761078 0.494848 -1.316026 -1.279377 -5.7600 CG
252 253 621 620 622 254 5.9408 2.704918 2.344811 0.448795 -1.297267 -1.315181 -3.8400 AT
255 256 618 617 619 257 5.9409 2.344713 2.705229 0.448879 -1.315225 -1.297093 -3.8400 TA
258 259 615 614 616 260 5.5297 2.760779 2.434024 0.494639 -1.279055 -1.315853 -5.7600 GC
261 262 612 611 613 263 5.5305 2.433807 2.760863 0.494794 -1.316092 -1.279067 -5.7600 CG
264 265 609 608 610 266 5.5300 2.433659 2.761078 0.494848 -1.316026 -1.279377 -5.7600 CG
267 268 606 605 607 269 5.9408 2.344835 2.704934 0.448796 -1.315172 -1.297253 -3.8400 TA
270 271 603 602 604 272 5.9409 2.344713 2.705229 0.448879 -1.315225 -1.297093 -3.8400 TA
273 274 600 599 601 275 5.9408 2.344811 2.704918 0.448795 -1.315181 -1.297267 -3.8400 TA
276 277 597 596 598 278 5.9405 2.344912 2.704853 0.448768 -1.315235 -1.297222 -3.8400 TA
279 280 594 593 595 281 5.5301 2.760704 2.434185 0.494748 -1.279068 -1.316126 -5.7600 GC
282 283 591 590 592 284 5.9408 2.704918 2.344811 0.448795 -1.297267 -1.315181 -3.8400 AT
285 286 588 587 589 287 5.9409 2.344713 2.705229 0.448879 -1.315225 -1.297093 -3.8400 TA
288 289 585 584 586 290 5.5297 2.760779 2.434024 0.494639 -1.279055 -1.315853 -5.7600 GC
291 292 582 581 583 293 5.5300 2.761078 2.433659 0.494848 -1.279226 -1.316026 -5.7600 GC
294 295 579 578 580 296 5.9405 2.704853 2.344912 0.448768 -1.297222 -1.315405 -3.8400 AT
297 298 576 575 577 299 5.5298 2.761023 2.433797 0.494796 -1.279064 -1.316003 -5.7600 GC
300 301 573 572 574 302 5.5302 2.434006 2.760995 0.494794 -1.315938 -1.278942 -5.7600 CG
303 304 570 569 571 305 5.9408 2.704934 2.344835 0.448796 -1.297253 -1.315172 -3.8400 AT
306 307 567 566 568 308 5.5300 2.761078 2.433659 0.494848 -1.279226 -1.316026 -5.7600 GC
309 310 564 563 565 311 5.9407 2.344902 2.704899 0.448831 -1.315126 -1.297583 -3.8400 TA
312 313 561 560 562 314 5.9408 2.344835 2.704934 0.448796 -1.315172 -1.297253 -3.8400 TA
315 316 558 557 559 317 5.9409 2.344713 2.705229 0.448879 -1.315225 -1.297093 -3.8400 TA
318 319 555 554 556 320 5.5298 2.433797 2.761023 0.494796 -1.316003 -1.279064 -5.7600 CG
321 322 552 551 553 323 5.5305 2.433807 2.760863 0.494794 -1.316092 -1.279067 -5.7600 CG
324 325 549 548 550 326 5.9405 2.704853 2.344912 0.448768 -1.297222 -1.315405 -3.8400 AT
327 328 546 545 547 329 5.9408 2.704918 2.344811 0.448795 -1.297267 -1.315181 -3.8400 AT
330 331 543 542 544 332 5.9407 2.704737 2.345210 0.448672 -1.297144 -1.314956 -3.8400 AT
333 334 540 539 541 335 5.9408 2.344811 2.704918 0.448795 -1.315181 -1.297267 -3.8400 TA
336 337 537 536 538 338 5.9407 2.704899 2.344902 0.448831 -1.297445 -1.315126 -3.8400 AT
339 340 534 533 535 341 5.5300 2.433659 2.761078 0.494848 -1.316026 -1.279377 -5.7600 CG
342 343 531 530 532 344 5.9408 2.704918 2.344811 0.448795 -1.297267 -1.315181 -3.8400 AT
345 346 528 527 529 347 5.5302 2.434006 2.760995 0.494794 -1.315938 -1.278942 -5.7600 CG
348 349 525 524 526 350 5.9408 2.344811 2.704918 0.448795 -1.315181 -1.297267 -3.8400 TA
351 352 522 521 523 353 5.9405 2.344912 2.704853 0.448768 -1.315235 -1.297222 -3.8400 TA
354 355 519 518 520 356 5.9407 2.344902 2.704899 0.448831 -1.315126 -1.297583 -3.8400 TA
357 358 516 515 517 359 5.9408 2.344835 2.704934 0.448796 -1.315172 -1.297253 -3.8400 TA
360 361 513 512 514 362 5.5302 2.760995 2.434006 0.494794 -1.278942 -1.315938 -5.7600 GC
363 364 510 509 511 365 5.5297 2.760779 2.434024 0.494639 -1.279055 -1.315853 -5.7600 GC
366 367 507 506 508 368 5.9405 2.344912 2.704853 0.448768 -1.315235 -1.297222 -3.8400 TA
369 370 504 503 505 371 5.9405 2.704853 2.344912 0.448768 -1.297222 -1.315405 -3.8400 AT
372 373 501 500 502 374 5.5298 2.761023 2.433797 0.494796 -1.279064 -1.316003 -5.7600 GC
375 376 498 497 499 377 5.9407 2.704737 2.345210 0.448672 -1.297144 -1.314956 -3.8400 AT
378 379 495 494 496 380 5.9408 2.704934 2.344835 0.448796 -1.297253 -1.315172 -3.8400 AT
381 382 492 491 493 383 5.9405 2.344912 2.704853 0.448768 -1.315235 -1.297222 -3.8400 TA
384 385 489 488 490 386 5.5300 2.433659 2.761078 0.494848 -1.316026 -1.279377 -5.7600 CG
387 388 486 485 487 389 5.9408 2.344835 2.704934 0.448796 -1.315172 -1.297253 -3.8400 TA
390 391 483 482 484 392 5.5302 2.760995 2.434006 0.494794 -1.278942 -1.315938 -5.7600 GC
393 394 480 479 481 395 5.5298 2.433797 2.761023 0.494796 -1.316003 -1.279064 -5.7600 CG
396 397 477 476 478 398 5.9407 2.704899 2.344902 0.448831 -1.297445 -1.315126 -3.8400 AT
399 400 474 473 475 401 5.5301 2.760704 2.434185 0.494748 -1.279068 -1.316126 -5.7600 GC
402 403 471 470 472 404 5.5298 2.761023 2.433797 0.494796 -1.279064 -1.316003 -5.7600 GC
405 406 468 467 469 407 5.9409 2.344713 2.705229 0.448879 -1.315225 -1.297093 -3.8400 TA
408 409 465 464 466 410 5.5297 2.760779 2.434024 0.494639 -1.279055 -1.315853 -5.7600 GC
411 412 462 461 463 413 5.5300 2.761078 2.433659 0.494848 -1.279226 -1.316026 -5.7600 GC
414 415 459 458 460 416 5.9405 2.704853 2.344912 0.448768 -1.297222 -1.315405 -3.8400 AT
417 418 456 455 457 419 5.9408 2.344835 2.704934 0.448796 -1.315172 -1.297253 -3.8400 TA
420 421 453 452 454 422 5.9407 2.704737 2.345210 0.448672 -1.297144 -1.314956 -3.8400 AT
423 424 450 449 451 425 5.9408 2.344811 2.704918 0.448795 -1.315181 -1.297267 -3.8400 TA
426 427 447 446 448 428 5.9405 2.344912 2.704853 0.448768 -1.315235 -1.297222 -3.8400 TA
429 430 444 443 445 431 5.5301 2.760704 2.434185 0.494748 -1.279068 -1.316126 -5.7600 GC
432 433 441 440 442 434 5.9408 2.704918 2.344811 0.448795 -1.297267 -1.315181 -3.8400 AT
435 436 438 437 439 -1 5.9409 2.344713 2.705229 0.448879 -1.315225 0.448879 -3.8400 TA
