# i  j  k  alpha0(rad)  k_alpha(kcal/mol/rad^2)  type
1 0 2 2.075895 67.3200 ASP
0 2 3 1.651081 67.5000 SPS
2 3 4 1.696111 39.5600 PST
4 3 5 2.157052 93.9900 TSP
2 3 5 2.151991 25.6700 PSP
3 5 6 1.651081 67.5000 SPS
5 6 7 1.771335 35.2500 PSC
7 6 8 2.119353 77.7800 CSP
5 6 8 2.151991 25.6700 PSP
6 8 9 1.651081 67.5000 SPS
8 9 10 1.874135 29.5300 PSA
10 9 11 2.075895 67.3200 ASP
8 9 11 2.151991 25.6700 PSP
9 11 12 1.651081 67.5000 SPS
11 12 13 1.874135 29.5300 PSA
13 12 14 2.075895 67.3200 ASP
11 12 14 2.151991 25.6700 PSP
12 14 15 1.651081 67.5000 SPS
14 15 16 1.696111 39.5600 PST
16 15 17 2.157052 93.9900 TSP
14 15 17 2.151991 25.6700 PSP
15 17 18 1.651081 67.5000 SPS
17 18 19 1.874135 29.5300 PSA
19 18 20 2.075895 67.3200 ASP
17 18 20 2.151991 25.6700 PSP
18 20 21 1.651081 67.5000 SPS
20 21 22 1.696111 39.5600 PST
22 21 23 2.157052 93.9900 TSP
20 21 23 2.151991 25.6700 PSP
21 23 24 1.651081 67.5000 SPS
23 24 25 1.771335 35.2500 PSC
25 24 26 2.119353 77.7800 CSP
23 24 26 2.151991 25.6700 PSP
24 26 27 1.651081 67.5000 SPS
26 27 28 1.771335 35.2500 PSC
28 27 29 2.119353 77.7800 CSP
26 27 29 2.151991 25.6700 PSP
27 29 30 1.651081 67.5000 SPS
29 30 31 1.874135 29.5300 PSA
31 30 32 2.075895 67.3200 ASP
29 30 32 2.151991 25.6700 PSP
30 32 33 1.651081 67.5000 SPS
32 33 34 1.771335 35.2500 PSC
34 33 35 2.119353 77.7800 CSP
32 33 35 2.151991 25.6700 PSP
33 35 36 1.651081 67.5000 SPS
35 36 37 1.771335 35.2500 PSC
37 36 38 2.119353 77.7800 CSP
35 36 38 2.151991 25.6700 PSP
36 38 39 1.651081 67.5000 SPS
38 39 40 1.696111 39.5600 PST
40 39 41 2.157052 93.9900 TSP
38 39 41 2.151991 25.6700 PSP
39 41 42 1.651081 67.5000 SPS
41 42 43 1.937490 26.2800 PSG
43 42 44 2.040290 62.9400 GSP
41 42 44 2.151991 25.6700 PSP
42 44 45 1.651081 67.5000 SPS
44 45 46 1.771335 35.2500 PSC
46 45 47 2.119353 77.7800 CSP
44 45 47 2.151991 25.6700 PSP
45 47 48 1.651081 67.5000 SPS
47 48 49 1.874135 29.5300 PSA
49 48 50 2.075895 67.3200 ASP
47 48 50 2.151991 25.6700 PSP
48 50 51 1.651081 67.5000 SPS
50 51 52 1.937490 26.2800 PSG
52 51 53 2.040290 62.9400 GSP
50 51 53 2.151991 25.6700 PSP
51 53 54 1.651081 67.5000 SPS
53 54 55 1.874135 29.5300 PSA
55 54 56 2.075895 67.3200 ASP
53 54 56 2.151991 25.6700 PSP
54 56 57 1.651081 67.5000 SPS
56 57 58 1.696111 39.5600 PST
58 57 59 2.157052 93.9900 TSP
56 57 59 2.151991 25.6700 PSP
57 59 60 1.651081 67.5000 SPS
59 60 61 1.696111 39.5600 PST
61 60 62 2.157052 93.9900 TSP
59 60 62 2.151991 25.6700 PSP
60 62 63 1.651081 67.5000 SPS
62 63 64 1.771335 35.2500 PSC
64 63 65 2.119353 77.7800 CSP
62 63 65 2.151991 25.6700 PSP
63 65 66 1.651081 67.5000 SPS
65 66 67 1.696111 39.5600 PST
67 66 68 2.157052 93.9900 TSP
65 66 68 2.151991 25.6700 PSP
66 68 69 1.651081 67.5000 SPS
68 69 70 1.874135 29.5300 PSA
70 69 71 2.075895 67.3200 ASP
68 69 71 2.151991 25.6700 PSP
69 71 72 1.651081 67.5000 SPS
71 72 73 1.771335 35.2500 PSC
73 72 74 2.119353 77.7800 CSP
71 72 74 2.151991 25.6700 PSP
72 74 75 1.651081 67.5000 SPS
74 75 76 1.771335 35.2500 PSC
76 75 77 2.119353 77.7800 CSP
74 75 77 2.151991 25.6700 PSP
75 77 78 1.651081 67.5000 SPS
77 78 79 1.874135 29.5300 PSA
79 78 80 2.075895 67.3200 ASP
77 78 80 2.151991 25.6700 PSP
78 80 81 1.651081 67.5000 SPS
80 81 82 1.874135 29.5300 PSA
82 81 83 2.075895 67.3200 ASP
80 81 83 2.151991 25.6700 PSP
81 83 84 1.651081 67.5000 SPS
83 84 85 1.874135 29.5300 PSA
85 84 86 2.075895 67.3200 ASP
83 84 86 2.151991 25.6700 PSP
84 86 87 1.651081 67.5000 SPS
86 87 88 1.874135 29.5300 PSA
88 87 89 2.075895 67.3200 ASP
86 87 89 2.151991 25.6700 PSP
87 89 90 1.651081 67.5000 SPS
89 90 91 1.937490 26.2800 PSG
91 90 92 2.040290 62.9400 GSP
89 90 92 2.151991 25.6700 PSP
90 92 93 1.651081 67.5000 SPS
92 93 94 1.696111 39.5600 PST
94 93 95 2.157052 93.9900 TSP
92 93 95 2.151991 25.6700 PSP
93 95 96 1.651081 67.5000 SPS
95 96 97 1.937490 26.2800 PSG
97 96 98 2.040290 62.9400 GSP
95 96 98 2.151991 25.6700 PSP
96 98 99 1.651081 67.5000 SPS
98 99 100 1.696111 39.5600 PST
100 99 101 2.157052 93.9900 TSP
98 99 101 2.151991 25.6700 PSP
99 101 102 1.651081 67.5000 SPS
101 102 103 1.874135 29.5300 PSA
103 102 104 2.075895 67.3200 ASP
101 102 104 2.151991 25.6700 PSP
102 104 105 1.651081 67.5000 SPS
104 105 106 1.696111 39.5600 PST
106 105 107 2.157052 93.9900 TSP
104 105 107 2.151991 25.6700 PSP
105 107 108 1.651081 67.5000 SPS
107 108 109 1.696111 39.5600 PST
109 108 110 2.157052 93.9900 TSP
107 108 110 2.151991 25.6700 PSP
108 110 111 1.651081 67.5000 SPS
110 111 112 1.696111 39.5600 PST
112 111 113 2.157052 93.9900 TSP
110 111 113 2.151991 25.6700 PSP
111 113 114 1.651081 67.5000 SPS
113 114 115 1.937490 26.2800 PSG
115 114 116 2.040290 62.9400 GSP
113 114 116 2.151991 25.6700 PSP
114 116 117 1.651081 67.5000 SPS
116 117 118 1.937490 26.2800 PSG
118 117 119 2.040290 62.9400 GSP
116 117 119 2.151991 25.6700 PSP
117 119 120 1.651081 67.5000 SPS
119 120 121 1.874135 29.5300 PSA
121 120 122 2.075895 67.3200 ASP
119 120 122 2.151991 25.6700 PSP
120 122 123 1.651081 67.5000 SPS
122 123 124 1.874135 29.5300 PSA
124 123 125 2.075895 67.3200 ASP
122 123 125 2.151991 25.6700 PSP
123 125 126 1.651081 67.5000 SPS
125 126 127 1.874135 29.5300 PSA
127 126 128 2.075895 67.3200 ASP
125 126 128 2.151991 25.6700 PSP
126 128 129 1.651081 67.5000 SPS
128 129 130 1.771335 35.2500 PSC
130 129 131 2.119353 77.7800 CSP
128 129 131 2.151991 25.6700 PSP
129 131 132 1.651081 67.5000 SPS
131 132 133 1.696111 39.5600 PST
133 132 134 2.157052 93.9900 TSP
131 132 134 2.151991 25.6700 PSP
132 134 135 1.651081 67.5000 SPS
134 135 136 1.937490 26.2800 PSG
136 135 137 2.040290 62.9400 GSP
134 135 137 2.151991 25.6700 PSP
135 137 138 1.651081 67.5000 SPS
137 138 139 1.771335 35.2500 PSC
139 138 140 2.119353 77.7800 CSP
137 138 140 2.151991 25.6700 PSP
138 140 141 1.651081 67.5000 SPS
140 141 142 1.696111 39.5600 PST
142 141 143 2.157052 93.9900 TSP
140 141 143 2.151991 25.6700 PSP
141 143 144 1.651081 67.5000 SPS
143 144 145 1.771335 35.2500 PSC
145 144 146 2.119353 77.7800 CSP
143 144 146 2.151991 25.6700 PSP
144 146 147 1.651081 67.5000 SPS
146 147 148 1.771335 35.2500 PSC
148 147 149 2.119353 77.7800 CSP
146 147 149 2.151991 25.6700 PSP
147 149 150 1.651081 67.5000 SPS
149 150 151 1.874135 29.5300 PSA
151 150 152 2.075895 67.3200 ASP
149 150 152 2.151991 25.6700 PSP
150 152 153 1.651081 67.5000 SPS
152 153 154 1.696111 39.5600 PST
154 153 155 2.157052 93.9900 TSP
152 153 155 2.151991 25.6700 PSP
153 155 156 1.651081 67.5000 SPS
155 156 157 1.771335 35.2500 PSC
157 156 158 2.119353 77.7800 CSP
155 156 158 2.151991 25.6700 PSP
156 158 159 1.651081 67.5000 SPS
158 159 160 1.874135 29.5300 PSA
160 159 161 2.075895 67.3200 ASP
158 159 161 2.151991 25.6700 PSP
159 161 162 1.651081 67.5000 SPS
161 162 163 1.874135 29.5300 PSA
163 162 164 2.075895 67.3200 ASP
161 162 164 2.151991 25.6700 PSP
162 164 165 1.651081 67.5000 SPS
164 165 166 1.874135 29.5300 PSA
166 165 167 2.075895 67.3200 ASP
164 165 167 2.151991 25.6700 PSP
165 167 168 1.651081 67.5000 SPS
167 168 169 1.874135 29.5300 PSA
169 168 170 2.075895 67.3200 ASP
167 168 170 2.151991 25.6700 PSP
168 170 171 1.651081 67.5000 SPS
170 171 172 1.937490 26.2800 PSG
172 171 173 2.040290 62.9400 GSP
170 171 173 2.151991 25.6700 PSP
171 173 174 1.651081 67.5000 SPS
173 174 175 1.937490 26.2800 PSG
175 174 176 2.040290 62.9400 GSP
173 174 176 2.151991 25.6700 PSP
174 176 177 1.651081 67.5000 SPS
176 177 178 1.771335 35.2500 PSC
178 177 179 2.119353 77.7800 CSP
176 177 179 2.151991 25.6700 PSP
177 179 180 1.651081 67.5000 SPS
179 180 181 1.874135 29.5300 PSA
181 180 182 2.075895 67.3200 ASP
179 180 182 2.151991 25.6700 PSP
180 182 183 1.651081 67.5000 SPS
182 183 184 1.696111 39.5600 PST
184 183 185 2.157052 93.9900 TSP
182 183 185 2.151991 25.6700 PSP
183 185 186 1.651081 67.5000 SPS
185 186 187 1.937490 26.2800 PSG
187 186 188 2.040290 62.9400 GSP
185 186 188 2.151991 25.6700 PSP
186 188 189 1.651081 67.5000 SPS
188 189 190 1.696111 39.5600 PST
190 189 191 2.157052 93.9900 TSP
188 189 191 2.151991 25.6700 PSP
189 191 192 1.651081 67.5000 SPS
191 192 193 1.696111 39.5600 PST
193 192 194 2.157052 93.9900 TSP
191 192 194 2.151991 25.6700 PSP
192 194 195 1.651081 67.5000 SPS
194 195 196 1.771335 35.2500 PSC
196 195 197 2.119353 77.7800 CSP
194 195 197 2.151991 25.6700 PSP
195 197 198 1.651081 67.5000 SPS
197 198 199 1.874135 29.5300 PSA
199 198 200 2.075895 67.3200 ASP
197 198 200 2.151991 25.6700 PSP
198 200 201 1.651081 67.5000 SPS
200 201 202 1.937490 26.2800 PSG
202 201 203 2.040290 62.9400 GSP
200 201 203 2.151991 25.6700 PSP
201 203 204 1.651081 67.5000 SPS
203 204 205 1.771335 35.2500 PSC
205 204 206 2.119353 77.7800 CSP
203 204 206 2.151991 25.6700 PSP
204 206 207 1.651081 67.5000 SPS
206 207 208 1.696111 39.5600 PST
208 207 209 2.157052 93.9900 TSP
206 207 209 2.151991 25.6700 PSP
207 209 210 1.651081 67.5000 SPS
209 210 211 1.937490 26.2800 PSG
211 210 212 2.040290 62.9400 GSP
209 210 212 2.151991 25.6700 PSP
210 212 213 1.651081 67.5000 SPS
212 213 214 1.874135 29.5300 PSA
214 213 215 2.075895 67.3200 ASP
212 213 215 2.151991 25.6700 PSP
213 215 216 1.651081 67.5000 SPS
215 216 217 1.874135 29.5300 PSA
217 216 218 2.075895 67.3200 ASP
215 216 218 2.151991 25.6700 PSP
216 218 219 1.651081 67.5000 SPS
218 219 220 1.696111 39.5600 PST
220 219 221 2.157052 93.9900 TSP
218 219 221 2.151991 25.6700 PSP
219 221 222 1.651081 67.5000 SPS
221 222 223 1.696111 39.5600 PST
223 222 224 2.157052 93.9900 TSP
221 222 224 2.151991 25.6700 PSP
222 224 225 1.651081 67.5000 SPS
224 225 226 1.771335 35.2500 PSC
226 225 227 2.119353 77.7800 CSP
224 225 227 2.151991 25.6700 PSP
225 227 228 1.651081 67.5000 SPS
227 228 229 1.874135 29.5300 PSA
229 228 230 2.075895 67.3200 ASP
227 228 230 2.151991 25.6700 PSP
228 230 231 1.651081 67.5000 SPS
230 231 232 1.937490 26.2800 PSG
232 231 233 2.040290 62.9400 GSP
230 231 233 2.151991 25.6700 PSP
231 233 234 1.651081 67.5000 SPS
233 234 235 1.771335 35.2500 PSC
235 234 236 2.119353 77.7800 CSP
233 234 236 2.151991 25.6700 PSP
234 236 237 1.651081 67.5000 SPS
236 237 238 1.696111 39.5600 PST
238 237 239 2.157052 93.9900 TSP
236 237 239 2.151991 25.6700 PSP
237 239 240 1.651081 67.5000 SPS
239 240 241 1.937490 26.2800 PSG
241 240 242 2.040290 62.9400 GSP
239 240 242 2.151991 25.6700 PSP
240 242 243 1.651081 67.5000 SPS
242 243 244 1.874135 29.5300 PSA
244 243 245 2.075895 67.3200 ASP
242 243 245 2.151991 25.6700 PSP
243 245 246 1.651081 67.5000 SPS
245 246 247 1.874135 29.5300 PSA
247 246 248 2.075895 67.3200 ASP
245 246 248 2.151991 25.6700 PSP
246 248 249 1.651081 67.5000 SPS
248 249 250 1.771335 35.2500 PSC
250 249 251 2.119353 77.7800 CSP
248 249 251 2.151991 25.6700 PSP
249 251 252 1.651081 67.5000 SPS
251 252 253 1.874135 29.5300 PSA
253 252 254 2.075895 67.3200 ASP
251 252 254 2.151991 25.6700 PSP
252 254 255 1.651081 67.5000 SPS
254 255 256 1.696111 39.5600 PST
256 255 257 2.157052 93.9900 TSP
254 255 257 2.151991 25.6700 PSP
255 257 258 1.651081 67.5000 SPS
257 258 259 1.937490 26.2800 PSG
259 258 260 2.040290 62.9400 GSP
257 258 260 2.151991 25.6700 PSP
258 260 261 1.651081 67.5000 SPS
260 261 262 1.771335 35.2500 PSC
262 261 263 2.119353 77.7800 CSP
260 261 263 2.151991 25.6700 PSP
261 263 264 1.651081 67.5000 SPS
263 264 265 1.771335 35.2500 PSC
265 264 266 2.119353 77.7800 CSP
263 264 266 2.151991 25.6700 PSP
264 266 267 1.651081 67.5000 SPS
266 267 268 1.696111 39.5600 PST
268 267 269 2.157052 93.9900 TSP
266 267 269 2.151991 25.6700 PSP
267 269 270 1.651081 67.5000 SPS
269 270 271 1.696111 39.5600 PST
271 270 272 2.157052 93.9900 TSP
269 270 272 2.151991 25.6700 PSP
270 272 273 1.651081 67.5000 SPS
272 273 274 1.696111 39.5600 PST
274 273 275 2.157052 93.9900 TSP
272 273 275 2.151991 25.6700 PSP
273 275 276 1.651081 67.5000 SPS
275 276 277 1.696111 39.5600 PST
277 276 278 2.157052 93.9900 TSP
275 276 278 2.151991 25.6700 PSP
276 278 279 1.651081 67.5000 SPS
278 279 280 1.937490 26.2800 PSG
280 279 281 2.040290 62.9400 GSP
278 279 281 2.151991 25.6700 PSP
279 281 282 1.651081 67.5000 SPS
281 282 283 1.874135 29.5300 PSA
283 282 284 2.075895 67.3200 ASP
281 282 284 2.151991 25.6700 PSP
282 284 285 1.651081 67.5000 SPS
284 285 286 1.696111 39.5600 PST
286 285 287 2.157052 93.9900 TSP
284 285 287 2.151991 25.6700 PSP
285 287 288 1.651081 67.5000 SPS
287 288 289 1.937490 26.2800 PSG
289 288 290 2.040290 62.9400 GSP
287 288 290 2.151991 25.6700 PSP
288 290 291 1.651081 67.5000 SPS
290 291 292 1.937490 26.2800 PSG
292 291 293 2.040290 62.9400 GSP
290 291 293 2.151991 25.6700 PSP
291 293 294 1.651081 67.5000 SPS
293 294 295 1.874135 29.5300 PSA
295 294 296 2.075895 67.3200 ASP
293 294 296 2.151991 25.6700 PSP
294 296 297 1.651081 67.5000 SPS
296 297 298 1.937490 26.2800 PSG
298 297 299 2.040290 62.9400 GSP
296 297 299 2.151991 25.6700 PSP
297 299 300 1.651081 67.5000 SPS
299 300 301 1.771335 35.2500 PSC
301 300 302 2.119353 77.7800 CSP
299 300 302 2.151991 25.6700 PSP
300 302 303 1.651081 67.5000 SPS
302 303 304 1.874135 29.5300 PSA
304 303 305 2.075895 67.3200 ASP
302 303 305 2.151991 25.6700 PSP
303 305 306 1.651081 67.5000 SPS
305 306 307 1.937490 26.2800 PSG
307 306 308 2.040290 62.9400 GSP
305 306 308 2.151991 25.6700 PSP
306 308 309 1.651081 67.5000 SPS
308 309 310 1.696111 39.5600 PST
310 309 311 2.157052 93.9900 TSP
308 309 311 2.151991 25.6700 PSP
309 311 312 1.651081 67.5000 SPS
311 312 313 1.696111 39.5600 PST
313 312 314 2.157052 93.9900 TSP
311 312 314 2.151991 25.6700 PSP
312 314 315 1.651081 67.5000 SPS
314 315 316 1.696111 39.5600 PST
316 315 317 2.157052 93.9900 TSP
314 315 317 2.151991 25.6700 PSP
315 317 318 1.651081 67.5000 SPS
317 318 319 1.771335 35.2500 PSC
319 318 320 2.119353 77.7800 CSP
317 318 320 2.151991 25.6700 PSP
318 320 321 1.651081 67.5000 SPS
320 321 322 1.771335 35.2500 PSC
322 321 323 2.119353 77.7800 CSP
320 321 323 2.151991 25.6700 PSP
321 323 324 1.651081 67.5000 SPS
323 324 325 1.874135 29.5300 PSA
325 324 326 2.075895 67.3200 ASP
323 324 326 2.151991 25.6700 PSP
324 326 327 1.651081 67.5000 SPS
326 327 328 1.874135 29.5300 PSA
328 327 329 2.075895 67.3200 ASP
326 327 329 2.151991 25.6700 PSP
327 329 330 1.651081 67.5000 SPS
329 330 331 1.874135 29.5300 PSA
331 330 332 2.075895 67.3200 ASP
329 330 332 2.151991 25.6700 PSP
330 332 333 1.651081 67.5000 SPS
332 333 334 1.696111 39.5600 PST
334 333 335 2.157052 93.9900 TSP
332 333 335 2.151991 25.6700 PSP
333 335 336 1.651081 67.5000 SPS
335 336 337 1.874135 29.5300 PSA
337 336 338 2.075895 67.3200 ASP
335 336 338 2.151991 25.6700 PSP
336 338 339 1.651081 67.5000 SPS
338 339 340 1.771335 35.2500 PSC
340 339 341 2.119353 77.7800 CSP
338 339 341 2.151991 25.6700 PSP
339 341 342 1.651081 67.5000 SPS
341 342 343 1.874135 29.5300 PSA
343 342 344 2.075895 67.3200 ASP
341 342 344 2.151991 25.6700 PSP
342 344 345 1.651081 67.5000 SPS
344 345 346 1.771335 35.2500 PSC
346 345 347 2.119353 77.7800 CSP
344 345 347 2.151991 25.6700 PSP
345 347 348 1.651081 67.5000 SPS
347 348 349 1.696111 39.5600 PST
349 348 350 2.157052 93.9900 TSP
347 348 350 2.151991 25.6700 PSP
348 350 351 1.651081 67.5000 SPS
350 351 352 1.696111 39.5600 PST
352 351 353 2.157052 93.9900 TSP
350 351 353 2.151991 25.6700 PSP
351 353 354 1.651081 67.5000 SPS
353 354 355 1.696111 39.5600 PST
355 354 356 2.157052 93.9900 TSP
353 354 356 2.151991 25.6700 PSP
354 356 357 1.651081 67.5000 SPS
356 357 358 1.696111 39.5600 PST
358 357 359 2.157052 93.9900 TSP
356 357 359 2.151991 25.6700 PSP
357 359 360 1.651081 67.5000 SPS
359 360 361 1.937490 26.2800 PSG
361 360 362 2.040290 62.9400 GSP
359 360 362 2.151991 25.6700 PSP
360 362 363 1.651081 67.5000 SPS
362 363 364 1.937490 26.2800 PSG
364 363 365 2.040290 62.9400 GSP
362 363 365 2.151991 25.6700 PSP
363 365 366 1.651081 67.5000 SPS
365 366 367 1.696111 39.5600 PST
367 366 368 2.157052 93.9900 TSP
365 366 368 2.151991 25.6700 PSP
366 368 369 1.651081 67.5000 SPS
368 369 370 1.874135 29.5300 PSA
370 369 371 2.075895 67.3200 ASP
368 369 371 2.151991 25.6700 PSP
369 371 372 1.651081 67.5000 SPS
371 372 373 1.937490 26.2800 PSG
373 372 374 2.040290 62.9400 GSP
371 372 374 2.151991 25.6700 PSP
372 374 375 1.651081 67.5000 SPS
374 375 376 1.874135 29.5300 PSA
376 375 377 2.075895 67.3200 ASP
374 375 377 2.151991 25.6700 PSP
375 377 378 1.651081 67.5000 SPS
377 378 379 1.874135 29.5300 PSA
379 378 380 2.075895 67.3200 ASP
377 378 380 2.151991 25.6700 PSP
378 380 381 1.651081 67.5000 SPS
380 381 382 1.696111 39.5600 PST
382 381 383 2.157052 93.9900 TSP
380 381 383 2.151991 25.6700 PSP
381 383 384 1.651081 67.5000 SPS
383 384 385 1.771335 35.2500 PSC
385 384 386 2.119353 77.7800 CSP
383 384 386 2.151991 25.6700 PSP
384 386 387 1.651081 67.5000 SPS
386 387 388 1.696111 39.5600 PST
388 387 389 2.157052 93.9900 TSP
386 387 389 2.151991 25.6700 PSP
387 389 390 1.651081 67.5000 SPS
389 390 391 1.937490 26.2800 PSG
391 390 392 2.040290 62.9400 GSP
389 390 392 2.151991 25.6700 PSP
390 392 393 1.651081 67.5000 SPS
392 393 394 1.771335 35.2500 PSC
394 393 395 2.119353 77.7800 CSP
392 393 395 2.151991 25.6700 PSP
393 395 396 1.651081 67.5000 SPS
395 396 397 1.874135 29.5300 PSA
397 396 398 2.075895 67.3200 ASP
395 396 398 2.151991 25.6700 PSP
396 398 399 1.651081 67.5000 SPS
398 399 400 1.937490 26.2800 PSG
400 399 401 2.040290 62.9400 GSP
398 399 401 2.151991 25.6700 PSP
399 401 402 1.651081 67.5000 SPS
401 402 403 1.937490 26.2800 PSG
403 402 404 2.040290 62.9400 GSP
401 402 404 2.151991 25.6700 PSP
402 404 405 1.651081 67.5000 SPS
404 405 406 1.696111 39.5600 PST
406 405 407 2.157052 93.9900 TSP
404 405 407 2.151991 25.6700 PSP
405 407 408 1.651081 67.5000 SPS
407 408 409 1.937490 26.2800 PSG
409 408 410 2.040290 62.9400 GSP
407 408 410 2.151991 25.6700 PSP
408 410 411 1.651081 67.5000 SPS
410 411 412 1.937490 26.2800 PSG
412 411 413 2.040290 62.9400 GSP
410 411 413 2.151991 25.6700 PSP
411 413 414 1.651081 67.5000 SPS
413 414 415 1.874135 29.5300 PSA
415 414 416 2.075895 67.3200 ASP
413 414 416 2.151991 25.6700 PSP
414 416 417 1.651081 67.5000 SPS
416 417 418 1.696111 39.5600 PST
418 417 419 2.157052 93.9900 TSP
416 417 419 2.151991 25.6700 PSP
417 419 420 1.651081 67.5000 SPS
419 420 421 1.874135 29.5300 PSA
421 420 422 2.075895 67.3200 ASP
419 420 422 2.151991 25.6700 PSP
420 422 423 1.651081 67.5000 SPS
422 423 424 1.696111 39.5600 PST
424 423 425 2.157052 93.9900 TSP
422 423 425 2.151991 25.6700 PSP
423 425 426 1.651081 67.5000 SPS
425 426 427 1.696111 39.5600 PST
427 426 428 2.157052 93.9900 TSP
425 426 428 2.151991 25.6700 PSP
426 428 429 1.651081 67.5000 SPS
428 429 430 1.937490 26.2800 PSG
430 429 431 2.040290 62.9400 GSP
428 429 431 2.151991 25.6700 PSP
429 431 432 1.651081 67.5000 SPS
431 432 433 1.874135 29.5300 PSA
433 432 434 2.075895 67.3200 ASP
431 432 434 2.151991 25.6700 PSP
432 434 435 1.651081 67.5000 SPS
434 435 436 1.696111 39.5600 PST
438 437 439 2.075895 67.3200 ASP
437 439 440 1.651081 67.5000 SPS
439 440 441 1.696111 39.5600 PST
441 440 442 2.157052 93.9900 TSP
439 440 442 2.151991 25.6700 PSP
440 442 443 1.651081 67.5000 SPS
442 443 444 1.771335 35.2500 PSC
444 443 445 2.119353 77.7800 CSP
442 443 445 2.151991 25.6700 PSP
443 445 446 1.651081 67.5000 SPS
445 446 447 1.874135 29.5300 PSA
447 446 448 2.075895 67.3200 ASP
445 446 448 2.151991 25.6700 PSP
446 448 449 1.651081 67.5000 SPS
448 449 450 1.874135 29.5300 PSA
450 449 451 2.075895 67.3200 ASP
448 449 451 2.151991 25.6700 PSP
449 451 452 1.651081 67.5000 SPS
451 452 453 1.696111 39.5600 PST
453 452 454 2.157052 93.9900 TSP
451 452 454 2.151991 25.6700 PSP
452 454 455 1.651081 67.5000 SPS
454 455 456 1.874135 29.5300 PSA
456 455 457 2.075895 67.3200 ASP
454 455 457 2.151991 25.6700 PSP
455 457 458 1.651081 67.5000 SPS
457 458 459 1.696111 39.5600 PST
459 458 460 2.157052 93.9900 TSP
457 458 460 2.151991 25.6700 PSP
458 460 461 1.651081 67.5000 SPS
460 461 462 1.771335 35.2500 PSC
462 461 463 2.119353 77.7800 CSP
460 461 463 2.151991 25.6700 PSP
461 463 464 1.651081 67.5000 SPS
463 464 465 1.771335 35.2500 PSC
465 464 466 2.119353 77.7800 CSP
463 464 466 2.151991 25.6700 PSP
464 466 467 1.651081 67.5000 SPS
466 467 468 1.874135 29.5300 PSA
468 467 469 2.075895 67.3200 ASP
466 467 469 2.151991 25.6700 PSP
467 469 470 1.651081 67.5000 SPS
469 470 471 1.771335 35.2500 PSC
471 470 472 2.119353 77.7800 CSP
469 470 472 2.151991 25.6700 PSP
470 472 473 1.651081 67.5000 SPS
472 473 474 1.771335 35.2500 PSC
474 473 475 2.119353 77.7800 CSP
472 473 475 2.151991 25.6700 PSP
473 475 476 1.651081 67.5000 SPS
475 476 477 1.696111 39.5600 PST
477 476 478 2.157052 93.9900 TSP
475 476 478 2.151991 25.6700 PSP
476 478 479 1.651081 67.5000 SPS
478 479 480 1.937490 26.2800 PSG
480 479 481 2.040290 62.9400 GSP
478 479 481 2.151991 25.6700 PSP
479 481 482 1.651081 67.5000 SPS
481 482 483 1.771335 35.2500 PSC
483 482 484 2.119353 77.7800 CSP
481 482 484 2.151991 25.6700 PSP
482 484 485 1.651081 67.5000 SPS
484 485 486 1.874135 29.5300 PSA
486 485 487 2.075895 67.3200 ASP
484 485 487 2.151991 25.6700 PSP
485 487 488 1.651081 67.5000 SPS
487 488 489 1.937490 26.2800 PSG
489 488 490 2.040290 62.9400 GSP
487 488 490 2.151991 25.6700 PSP
488 490 491 1.651081 67.5000 SPS
490 491 492 1.874135 29.5300 PSA
492 491 493 2.075895 67.3200 ASP
490 491 493 2.151991 25.6700 PSP
491 493 494 1.651081 67.5000 SPS
493 494 495 1.696111 39.5600 PST
495 494 496 2.157052 93.9900 TSP
493 494 496 2.151991 25.6700 PSP
494 496 497 1.651081 67.5000 SPS
496 497 498 1.696111 39.5600 PST
498 497 499 2.157052 93.9900 TSP
496 497 499 2.151991 25.6700 PSP
497 499 500 1.651081 67.5000 SPS
499 500 501 1.771335 35.2500 PSC
501 500 502 2.119353 77.7800 CSP
499 500 502 2.151991 25.6700 PSP
500 502 503 1.651081 67.5000 SPS
502 503 504 1.696111 39.5600 PST
504 503 505 2.157052 93.9900 TSP
502 503 505 2.151991 25.6700 PSP
503 505 506 1.651081 67.5000 SPS
505 506 507 1.874135 29.5300 PSA
507 506 508 2.075895 67.3200 ASP
505 506 508 2.151991 25.6700 PSP
506 508 509 1.651081 67.5000 SPS
508 509 510 1.771335 35.2500 PSC
510 509 511 2.119353 77.7800 CSP
508 509 511 2.151991 25.6700 PSP
509 511 512 1.651081 67.5000 SPS
511 512 513 1.771335 35.2500 PSC
513 512 514 2.119353 77.7800 CSP
511 512 514 2.151991 25.6700 PSP
512 514 515 1.651081 67.5000 SPS
514 515 516 1.874135 29.5300 PSA
516 515 517 2.075895 67.3200 ASP
514 515 517 2.151991 25.6700 PSP
515 517 518 1.651081 67.5000 SPS
517 518 519 1.874135 29.5300 PSA
519 518 520 2.075895 67.3200 ASP
517 518 520 2.151991 25.6700 PSP
518 520 521 1.651081 67.5000 SPS
520 521 522 1.874135 29.5300 PSA
522 521 523 2.075895 67.3200 ASP
520 521 523 2.151991 25.6700 PSP
521 523 524 1.651081 67.5000 SPS
523 524 525 1.874135 29.5300 PSA
525 524 526 2.075895 67.3200 ASP
523 524 526 2.151991 25.6700 PSP
524 526 527 1.651081 67.5000 SPS
526 527 528 1.937490 26.2800 PSG
528 527 529 2.040290 62.9400 GSP
526 527 529 2.151991 25.6700 PSP
527 529 530 1.651081 67.5000 SPS
529 530 531 1.696111 39.5600 PST
531 530 532 2.157052 93.9900 TSP
529 530 532 2.151991 25.6700 PSP
530 532 533 1.651081 67.5000 SPS
532 533 534 1.937490 26.2800 PSG
534 533 535 2.040290 62.9400 GSP
532 533 535 2.151991 25.6700 PSP
533 535 536 1.651081 67.5000 SPS
535 536 537 1.696111 39.5600 PST
537 536 538 2.157052 93.9900 TSP
535 536 538 2.151991 25.6700 PSP
536 538 539 1.651081 67.5000 SPS
538 539 540 1.874135 29.5300 PSA
540 539 541 2.075895 67.3200 ASP
538 539 541 2.151991 25.6700 PSP
539 541 542 1.651081 67.5000 SPS
541 542 543 1.696111 39.5600 PST
543 542 544 2.157052 93.9900 TSP
541 542 544 2.151991 25.6700 PSP
542 544 545 1.651081 67.5000 SPS
544 545 546 1.696111 39.5600 PST
546 545 547 2.157052 93.9900 TSP
544 545 547 2.151991 25.6700 PSP
545 547 548 1.651081 67.5000 SPS
547 548 549 1.696111 39.5600 PST
549 548 550 2.157052 93.9900 TSP
547 548 550 2.151991 25.6700 PSP
548 550 551 1.651081 67.5000 SPS
550 551 552 1.937490 26.2800 PSG
552 551 553 2.040290 62.9400 GSP
550 551 553 2.151991 25.6700 PSP
551 553 554 1.651081 67.5000 SPS
553 554 555 1.937490 26.2800 PSG
555 554 556 2.040290 62.9400 GSP
553 554 556 2.151991 25.6700 PSP
554 556 557 1.651081 67.5000 SPS
556 557 558 1.874135 29.5300 PSA
558 557 559 2.075895 67.3200 ASP
556 557 559 2.151991 25.6700 PSP
557 559 560 1.651081 67.5000 SPS
559 560 561 1.874135 29.5300 PSA
561 560 562 2.075895 67.3200 ASP
559 560 562 2.151991 25.6700 PSP
560 562 563 1.651081 67.5000 SPS
562 563 564 1.874135 29.5300 PSA
564 563 565 2.075895 67.3200 ASP
562 563 565 2.151991 25.6700 PSP
563 565 566 1.651081 67.5000 SPS
565 566 567 1.771335 35.2500 PSC
567 566 568 2.119353 77.7800 CSP
565 566 568 2.151991 25.6700 PSP
566 568 569 1.651081 67.5000 SPS
568 569 570 1.696111 39.5600 PST
570 569 571 2.157052 93.9900 TSP
568 569 571 2.151991 25.6700 PSP
569 571 572 1.651081 67.5000 SPS
571 572 573 1.937490 26.2800 PSG
573 572 574 2.040290 62.9400 GSP
571 572 574 2.151991 25.6700 PSP
572 574 575 1.651081 67.5000 SPS
574 575 576 1.771335 35.2500 PSC
576 575 577 2.119353 77.7800 CSP
574 575 577 2.151991 25.6700 PSP
575 577 578 1.651081 67.5000 SPS
577 578 579 1.696111 39.5600 PST
579 578 580 2.157052 93.9900 TSP
577 578 580 2.151991 25.6700 PSP
578 580 581 1.651081 67.5000 SPS
580 581 582 1.771335 35.2500 PSC
582 581 583 2.119353 77.7800 CSP
580 581 583 2.151991 25.6700 PSP
581 583 584 1.651081 67.5000 SPS
583 584 585 1.771335 35.2500 PSC
585 584 586 2.119353 77.7800 CSP
583 584 586 2.151991 25.6700 PSP
584 586 587 1.651081 67.5000 SPS
586 587 588 1.874135 29.5300 PSA
588 587 589 2.075895 67.3200 ASP
586 587 589 2.151991 25.6700 PSP
587 589 590 1.651081 67.5000 SPS
589 590 591 1.696111 39.5600 PST
591 590 592 2.157052 93.9900 TSP
589 590 592 2.151991 25.6700 PSP
590 592 593 1.651081 67.5000 SPS
592 593 594 1.771335 35.2500 PSC
594 593 595 2.119353 77.7800 CSP
592 593 595 2.151991 25.6700 PSP
593 595 596 1.651081 67.5000 SPS
595 596 597 1.874135 29.5300 PSA
597 596 598 2.075895 67.3200 ASP
595 596 598 2.151991 25.6700 PSP
596 598 599 1.651081 67.5000 SPS
598 599 600 1.874135 29.5300 PSA
600 599 601 2.075895 67.3200 ASP
598 599 601 2.151991 25.6700 PSP
599 601 602 1.651081 67.5000 SPS
601 602 603 1.874135 29.5300 PSA
603 602 604 2.075895 67.3200 ASP
601 602 604 2.151991 25.6700 PSP
602 604 605 1.651081 67.5000 SPS
604 605 606 1.874135 29.5300 PSA
606 605 607 2.075895 67.3200 ASP
604 605 607 2.151991 25.6700 PSP
605 607 608 1.651081 67.5000 SPS
607 608 609 1.937490 26.2800 PSG
609 608 610 2.040290 62.9400 GSP
607 608 610 2.151991 25.6700 PSP
608 610 611 1.651081 67.5000 SPS
610 611 612 1.937490 26.2800 PSG
612 611 613 2.040290 62.9400 GSP
610 611 613 2.151991 25.6700 PSP
611 613 614 1.651081 67.5000 SPS
613 614 615 1.771335 35.2500 PSC
615 614 616 2.119353 77.7800 CSP
613 614 616 2.151991 25.6700 PSP
614 616 617 1.651081 67.5000 SPS
616 617 618 1.874135 29.5300 PSA
618 617 619 2.075895 67.3200 ASP
616 617 619 2.151991 25.6700 PSP
617 619 620 1.651081 67.5000 SPS
619 620 621 1.696111 39.5600 PST
621 620 622 2.157052 93.9900 TSP
619 620 622 2.151991 25.6700 PSP
620 622 623 1.651081 67.5000 SPS
622 623 624 1.937490 26.2800 PSG
624 623 625 2.040290 62.9400 GSP
622 623 625 2.151991 25.6700 PSP
623 625 626 1.651081 67.5000 SPS
625 626 627 1.696111 39.5600 PST
627 626 628 2.157052 93.9900 TSP
625 626 628 2.151991 25.6700 PSP
626 628 629 1.651081 67.5000 SPS
628 629 630 1.696111 39.5600 PST
630 629 631 2.157052 93.9900 TSP
628 629 631 2.151991 25.6700 PSP
629 631 632 1.651081 67.5000 SPS
631 632 633 1.771335 35.2500 PSC
633 632 634 2.119353 77.7800 CSP
631 632 634 2.151991 25.6700 PSP
632 634 635 1.651081 67.5000 SPS
634 635 636 1.874135 29.5300 PSA
636 635 637 2.075895 67.3200 ASP
634 635 637 2.151991 25.6700 PSP
635 637 638 1.651081 67.5000 SPS
637 638 639 1.937490 26.2800 PSG
639 638 640 2.040290 62.9400 GSP
637 638 640 2.151991 25.6700 PSP
638 640 641 1.651081 67.5000 SPS
640 641 642 1.771335 35.2500 PSC
642 641 643 2.119353 77.7800 CSP
640 641 643 2.151991 25.6700 PSP
641 643 644 1.651081 67.5000 SPS
643 644 645 1.696111 39.5600 PST
645 644 646 2.157052 93.9900 TSP
643 644 646 2.151991 25.6700 PSP
644 646 647 1.651081 67.5000 SPS
646 647 648 1.937490 26.2800 PSG
648 647 649 2.040290 62.9400 GSP
646 647 649 2.151991 25.6700 PSP
647 649 650 1.651081 67.5000 SPS
649 650 651 1.874135 29.5300 PSA
651 650 652 2.075895 67.3200 ASP
649 650 652 2.151991 25.6700 PSP
650 652 653 1.651081 67.5000 SPS
652 653 654 1.874135 29.5300 PSA
654 653 655 2.075895 67.3200 ASP
652 653 655 2.151991 25.6700 PSP
653 655 656 1.651081 67.5000 SPS
655 656 657 1.696111 39.5600 PST
657 656 658 2.157052 93.9900 TSP
655 656 658 2.151991 25.6700 PSP
656 658 659 1.651081 67.5000 SPS
658 659 660 1.696111 39.5600 PST
660 659 661 2.157052 93.9900 TSP
658 659 661 2.151991 25.6700 PSP
659 661 662 1.651081 67.5000 SPS
661 662 663 1.771335 35.2500 PSC
663 662 664 2.119353 77.7800 CSP
661 662 664 2.151991 25.6700 PSP
662 664 665 1.651081 67.5000 SPS
664 665 666 1.874135 29.5300 PSA
666 665 667 2.075895 67.3200 ASP
664 665 667 2.151991 25.6700 PSP
665 667 668 1.651081 67.5000 SPS
667 668 669 1.937490 26.2800 PSG
669 668 670 2.040290 62.9400 GSP
667 668 670 2.151991 25.6700 PSP
668 670 671 1.651081 67.5000 SPS
670 671 672 1.771335 35.2500 PSC
672 671 673 2.119353 77.7800 CSP
670 671 673 2.151991 25.6700 PSP
671 673 674 1.651081 67.5000 SPS
673 674 675 1.696111 39.5600 PST
675 674 676 2.157052 93.9900 TSP
673 674 676 2.151991 25.6700 PSP
674 676 677 1.651081 67.5000 SPS
676 677 678 1.937490 26.2800 PSG
678 677 679 2.040290 62.9400 GSP
676 677 679 2.151991 25.6700 PSP
677 679 680 1.651081 67.5000 SPS
679 680 681 1.874135 29.5300 PSA
681 680 682 2.075895 67.3200 ASP
679 680 682 2.151991 25.6700 PSP
680 682 683 1.651081 67.5000 SPS
682 683 684 1.874135 29.5300 PSA
684 683 685 2.075895 67.3200 ASP
682 683 685 2.151991 25.6700 PSP
683 685 686 1.651081 67.5000 SPS
685 686 687 1.771335 35.2500 PSC
687 686 688 2.119353 77.7800 CSP
685 686 688 2.151991 25.6700 PSP
686 688 689 1.651081 67.5000 SPS
688 689 690 1.874135 29.5300 PSA
690 689 691 2.075895 67.3200 ASP
688 689 691 2.151991 25.6700 PSP
689 691 692 1.651081 67.5000 SPS
691 692 693 1.696111 39.5600 PST
693 692 694 2.157052 93.9900 TSP
691 692 694 2.151991 25.6700 PSP
692 694 695 1.651081 67.5000 SPS
694 695 696 1.937490 26.2800 PSG
696 695 697 2.040290 62.9400 GSP
694 695 697 2.151991 25.6700 PSP
695 697 698 1.651081 67.5000 SPS
697 698 699 1.771335 35.2500 PSC
699 698 700 2.119353 77.7800 CSP
697 698 700 2.151991 25.6700 PSP
698 700 701 1.651081 67.5000 SPS
700 701 702 1.771335 35.2500 PSC
702 701 703 2.119353 77.7800 CSP
700 701 703 2.151991 25.6700 PSP
701 703 704 1.651081 67.5000 SPS
703 704 705 1.696111 39.5600 PST
705 704 706 2.157052 93.9900 TSP
703 704 706 2.151991 25.6700 PSP
704 706 707 1.651081 67.5000 SPS
706 707 708 1.696111 39.5600 PST
708 707 709 2.157052 93.9900 TSP
706 707 709 2.151991 25.6700 PSP
707 709 710 1.651081 67.5000 SPS
709 710 711 1.696111 39.5600 PST
711 710 712 2.157052 93.9900 TSP
709 710 712 2.151991 25.6700 PSP
710 712 713 1.651081 67.5000 SPS
712 713 714 1.696111 39.5600 PST
714 713 715 2.157052 93.9900 TSP
712 713 715 2.151991 25.6700 PSP
713 715 716 1.651081 67.5000 SPS
715 716 717 1.937490 26.2800 PSG
717 716 718 2.040290 62.9400 GSP
715 716 718 2.151991 25.6700 PSP
716 718 719 1.651081 67.5000 SPS
718 719 720 1.874135 29.5300 PSA
720 719 721 2.075895 67.3200 ASP
718 719 721 2.151991 25.6700 PSP
719 721 722 1.651081 67.5000 SPS
721 722 723 1.696111 39.5600 PST
723 722 724 2.157052 93.9900 TSP
721 722 724 2.151991 25.6700 PSP
722 724 725 1.651081 67.5000 SPS
724 725 726 1.937490 26.2800 PSG
726 725 727 2.040290 62.9400 GSP
724 725 727 2.151991 25.6700 PSP
725 727 728 1.651081 67.5000 SPS
727 728 729 1.937490 26.2800 PSG
729 728 730 2.040290 62.9400 GSP
727 728 730 2.151991 25.6700 PSP
728 730 731 1.651081 67.5000 SPS
730 731 732 1.874135 29.5300 PSA
732 731 733 2.075895 67.3200 ASP
730 731 733 2.151991 25.6700 PSP
731 733 734 1.651081 67.5000 SPS
733 734 735 1.937490 26.2800 PSG
735 734 736 2.040290 62.9400 GSP
733 734 736 2.151991 25.6700 PSP
734 736 737 1.651081 67.5000 SPS
736 737 738 1.771335 35.2500 PSC
738 737 739 2.119353 77.7800 CSP
736 737 739 2.151991 25.6700 PSP
737 739 740 1.651081 67.5000 SPS
739 740 741 1.874135 29.5300 PSA
741 740 742 2.075895 67.3200 ASP
739 740 742 2.151991 25.6700 PSP
740 742 743 1.651081 67.5000 SPS
742 743 744 1.937490 26.2800 PSG
744 743 745 2.040290 62.9400 GSP
742 743 745 2.151991 25.6700 PSP
743 745 746 1.651081 67.5000 SPS
745 746 747 1.696111 39.5600 PST
747 746 748 2.157052 93.9900 TSP
745 746 748 2.151991 25.6700 PSP
746 748 749 1.651081 67.5000 SPS
748 749 750 1.696111 39.5600 PST
750 749 751 2.157052 93.9900 TSP
748 749 751 2.151991 25.6700 PSP
749 751 752 1.651081 67.5000 SPS
751 752 753 1.696111 39.5600 PST
753 752 754 2.157052 93.9900 TSP
751 752 754 2.151991 25.6700 PSP
752 754 755 1.651081 67.5000 SPS
754 755 756 1.771335 35.2500 PSC
756 755 757 2.119353 77.7800 CSP
754 755 757 2.151991 25.6700 PSP
755 757 758 1.651081 67.5000 SPS
757 758 759 1.771335 35.2500 PSC
759 758 760 2.119353 77.7800 CSP
757 758 760 2.151991 25.6700 PSP
758 760 761 1.651081 67.5000 SPS
760 761 762 1.874135 29.5300 PSA
762 761 763 2.075895 67.3200 ASP
760 761 763 2.151991 25.6700 PSP
761 763 764 1.651081 67.5000 SPS
763 764 765 1.874135 29.5300 PSA
765 764 766 2.075895 67.3200 ASP
763 764 766 2.151991 25.6700 PSP
764 766 767 1.651081 67.5000 SPS
766 767 768 1.874135 29.5300 PSA
768 767 769 2.075895 67.3200 ASP
766 767 769 2.151991 25.6700 PSP
767 769 770 1.651081 67.5000 SPS
769 770 771 1.696111 39.5600 PST
771 770 772 2.157052 93.9900 TSP
769 770 772 2.151991 25.6700 PSP
770 772 773 1.651081 67.5000 SPS
772 773 774 1.874135 29.5300 PSA
774 773 775 2.075895 67.3200 ASP
772 773 775 2.151991 25.6700 PSP
773 775 776 1.651081 67.5000 SPS
775 776 777 1.771335 35.2500 PSC
777 776 778 2.119353 77.7800 CSP
775 776 778 2.151991 25.6700 PSP
776 778 779 1.651081 67.5000 SPS
778 779 780 1.874135 29.5300 PSA
780 779 781 2.075895 67.3200 ASP
778 779 781 2.151991 25.6700 PSP
779 781 782 1.651081 67.5000 SPS
781 782 783 1.771335 35.2500 PSC
783 782 784 2.119353 77.7800 CSP
781 782 784 2.151991 25.6700 PSP
782 784 785 1.651081 67.5000 SPS
784 785 786 1.696111 39.5600 PST
786 785 787 2.157052 93.9900 TSP
784 785 787 2.151991 25.6700 PSP
785 787 788 1.651081 67.5000 SPS
787 788 789 1.696111 39.5600 PST
789 788 790 2.157052 93.9900 TSP
787 788 790 2.151991 25.6700 PSP
788 790 791 1.651081 67.5000 SPS
790 791 792 1.696111 39.5600 PST
792 791 793 2.157052 93.9900 TSP
790 791 793 2.151991 25.6700 PSP
791 793 794 1.651081 67.5000 SPS
793 794 795 1.696111 39.5600 PST
795 794 796 2.157052 93.9900 TSP
793 794 796 2.151991 25.6700 PSP
794 796 797 1.651081 67.5000 SPS
796 797 798 1.937490 26.2800 PSG
798 797 799 2.040290 62.9400 GSP
796 797 799 2.151991 25.6700 PSP
797 799 800 1.651081 67.5000 SPS
799 800 801 1.937490 26.2800 PSG
801 800 802 2.040290 62.9400 GSP
799 800 802 2.151991 25.6700 PSP
800 802 803 1.651081 67.5000 SPS
802 803 804 1.696111 39.5600 PST
804 803 805 2.157052 93.9900 TSP
802 803 805 2.151991 25.6700 PSP
803 805 806 1.651081 67.5000 SPS
805 806 807 1.874135 29.5300 PSA
807 806 808 2.075895 67.3200 ASP
805 806 808 2.151991 25.6700 PSP
806 808 809 1.651081 67.5000 SPS
808 809 810 1.937490 26.2800 PSG
810 809 811 2.040290 62.9400 GSP
808 809 811 2.151991 25.6700 PSP
809 811 812 1.651081 67.5000 SPS
811 812 813 1.874135 29.5300 PSA
813 812 814 2.075895 67.3200 ASP
811 812 814 2.151991 25.6700 PSP
812 814 815 1.651081 67.5000 SPS
814 815 816 1.874135 29.5300 PSA
816 815 817 2.075895 67.3200 ASP
814 815 817 2.151991 25.6700 PSP
815 817 818 1.651081 67.5000 SPS
817 818 819 1.696111 39.5600 PST
819 818 820 2.157052 93.9900 TSP
817 818 820 2.151991 25.6700 PSP
818 820 821 1.651081 67.5000 SPS
820 821 822 1.771335 35.2500 PSC
822 821 823 2.119353 77.7800 CSP
820 821 823 2.151991 25.6700 PSP
821 823 824 1.651081 67.5000 SPS
823 824 825 1.696111 39.5600 PST
825 824 826 2.157052 93.9900 TSP
823 824 826 2.151991 25.6700 PSP
824 826 827 1.651081 67.5000 SPS
826 827 828 1.937490 26.2800 PSG
828 827 829 2.040290 62.9400 GSP
826 827 829 2.151991 25.6700 PSP
827 829 830 1.651081 67.5000 SPS
829 830 831 1.771335 35.2500 PSC
831 830 832 2.119353 77.7800 CSP
829 830 832 2.151991 25.6700 PSP
830 832 833 1.651081 67.5000 SPS
832 833 834 1.874135 29.5300 PSA
834 833 835 2.075895 67.3200 ASP
832 833 835 2.151991 25.6700 PSP
833 835 836 1.651081 67.5000 SPS
835 836 837 1.937490 26.2800 PSG
837 836 838 2.040290 62.9400 GSP
835 836 838 2.151991 25.6700 PSP
836 838 839 1.651081 67.5000 SPS
838 839 840 1.937490 26.2800 PSG
840 839 841 2.040290 62.9400 GSP
838 839 841 2.151991 25.6700 PSP
839 841 842 1.651081 67.5000 SPS
841 842 843 1.696111 39.5600 PST
843 842 844 2.157052 93.9900 TSP
841 842 844 2.151991 25.6700 PSP
842 844 845 1.651081 67.5000 SPS
844 845 846 1.937490 26.2800 PSG
846 845 847 2.040290 62.9400 GSP
844 845 847 2.151991 25.6700 PSP
845 847 848 1.651081 67.5000 SPS
847 848 849 1.937490 26.2800 PSG
849 848 850 2.040290 62.9400 GSP
847 848 850 2.151991 25.6700 PSP
848 850 851 1.651081 67.5000 SPS
850 851 852 1.874135 29.5300 PSA
852 851 853 2.075895 67.3200 ASP
850 851 853 2.151991 25.6700 PSP
851 853 854 1.651081 67.5000 SPS
853 854 855 1.696111 39.5600 PST
855 854 856 2.157052 93.9900 TSP
853 854 856 2.151991 25.6700 PSP
854 856 857 1.651081 67.5000 SPS
856 857 858 1.874135 29.5300 PSA
858 857 859 2.075895 67.3200 ASP
856 857 859 2.151991 25.6700 PSP
857 859 860 1.651081 67.5000 SPS
859 860 861 1.696111 39.5600 PST
861 860 862 2.157052 93.9900 TSP
859 860 862 2.151991 25.6700 PSP
860 862 863 1.651081 67.5000 SPS
862 863 864 1.696111 39.5600 PST
864 863 865 2.157052 93.9900 TSP
862 863 865 2.151991 25.6700 PSP
863 865 866 1.651081 67.5000 SPS
865 866 867 1.937490 26.2800 PSG
867 866 868 2.040290 62.9400 GSP
865 866 868 2.151991 25.6700 PSP
866 868 869 1.651081 67.5000 SPS
868 869 870 1.874135 29.5300 PSA
870 869 871 2.075895 67.3200 ASP
868 869 871 2.151991 25.6700 PSP
869 871 872 1.651081 67.5000 SPS
871 872 873 1.696111 39.5600 PST
