# bead_idx  charge(e)
2 -0.6147
5 -0.6147
8 -0.6147
11 -0.6147
14 -0.6147
17 -0.6147
20 -0.6147
23 -0.6147
26 -0.6147
29 -0.6147
32 -0.6147
35 -0.6147
38 -0.6147
41 -0.6147
44 -0.6147
47 -0.6147
50 -0.6147
53 -0.6147
56 -0.6147
59 -0.6147
62 -0.6147
65 -0.6147
68 -0.6147
71 -0.6147
74 -0.6147
77 -0.6147
80 -0.6147
83 -0.6147
86 -0.6147
89 -0.6147
92 -0.6147
95 -0.6147
98 -0.6147
101 -0.6147
104 -0.6147
107 -0.6147
110 -0.6147
113 -0.6147
116 -0.6147
119 -0.6147
122 -0.6147
125 -0.6147
128 -0.6147
131 -0.6147
134 -0.6147
137 -0.6147
140 -0.6147
143 -0.6147
146 -0.6147
149 -0.6147
152 -0.6147
155 -0.6147
158 -0.6147
161 -0.6147
164 -0.6147
167 -0.6147
170 -0.6147
173 -0.6147
176 -0.6147
179 -0.6147
182 -0.6147
185 -0.6147
188 -0.6147
191 -0.6147
194 -0.6147
197 -0.6147
200 -0.6147
203 -0.6147
206 -0.6147
209 -0.6147
212 -0.6147
215 -0.6147
218 -0.6147
221 -0.6147
224 -0.6147
227 -0.6147
230 -0.6147
233 -0.6147
236 -0.6147
239 -0.6147
242 -0.6147
245 -0.6147
248 -0.6147
251 -0.6147
254 -0.6147
257 -0.6147
260 -0.6147
263 -0.6147
266 -0.6147
269 -0.6147
272 -0.6147
275 -0.6147
278 -0.6147
281 -0.6147
284 -0.6147
287 -0.6147
290 -0.6147
293 -0.6147
296 -0.6147
299 -0.6147
302 -0.6147
305 -0.6147
308 -0.6147
311 -0.6147
314 -0.6147
317 -0.6147
320 -0.6147
323 -0.6147
326 -0.6147
329 -0.6147
332 -0.6147
335 -0.6147
338 -0.6147
341 -0.6147
344 -0.6147
347 -0.6147
350 -0.6147
353 -0.6147
356 -0.6147
359 -0.6147
362 -0.6147
365 -0.6147
368 -0.6147
371 -0.6147
374 -0.6147
377 -0.6147
380 -0.6147
383 -0.6147
386 -0.6147
389 -0.6147
392 -0.6147
395 -0.6147
398 -0.6147
401 -0.6147
404 -0.6147
407 -0.6147
410 -0.6147
413 -0.6147
416 -0.6147
419 -0.6147
422 -0.6147
425 -0.6147
428 -0.6147
431 -0.6147
434 -0.6147
439 -0.6147
442 -0.6147
445 -0.6147
448 -0.6147
451 -0.6147
454 -0.6147
457 -0.6147
460 -0.6147
463 -0.6147
466 -0.6147
469 -0.6147
472 -0.6147
475 -0.6147
478 -0.6147
481 -0.6147
484 -0.6147
487 -0.6147
490 -0.6147
493 -0.6147
496 -0.6147
499 -0.6147
502 -0.6147
505 -0.6147
508 -0.6147
511 -0.6147
514 -0.6147
517 -0.6147
520 -0.6147
523 -0.6147
526 -0.6147
529 -0.6147
532 -0.6147
535 -0.6147
538 -0.6147
541 -0.6147
544 -0.6147
547 -0.6147
550 -0.6147
553 -0.6147
556 -0.6147
559 -0.6147
562 -0.6147
565 -0.6147
568 -0.6147
571 -0.6147
574 -0.6147
577 -0.6147
580 -0.6147
583 -0.6147
586 -0.6147
589 -0.6147
592 -0.6147
595 -0.6147
598 -0.6147
601 -0.6147
604 -0.6147
607 -0.6147
610 -0.6147
613 -0.6147
616 -0.6147
619 -0.6147
622 -0.6147
625 -0.6147
628 -0.6147
631 -0.6147
634 -0.6147
637 -0.6147
640 -0.6147
643 -0.6147
646 -0.6147
649 -0.6147
652 -0.6147
655 -0.6147
658 -0.6147
661 -0.6147
664 -0.6147
667 -0.6147
670 -0.6147
673 -0.6147
676 -0.6147
679 -0.6147
682 -0.6147
685 -0.6147
688 -0.6147
691 -0.6147
694 -0.6147
697 -0.6147
700 -0.6147
703 -0.6147
706 -0.6147
709 -0.6147
712 -0.6147
715 -0.6147
718 -0.6147
721 -0.6147
724 -0.6147
727 -0.6147
730 -0.6147
733 -0.6147
736 -0.6147
739 -0.6147
742 -0.6147
745 -0.6147
748 -0.6147
751 -0.6147
754 -0.6147
757 -0.6147
760 -0.6147
763 -0.6147
766 -0.6147
769 -0.6147
772 -0.6147
775 -0.6147
778 -0.6147
781 -0.6147
784 -0.6147
787 -0.6147
790 -0.6147
793 -0.6147
796 -0.6147
799 -0.6147
802 -0.6147
805 -0.6147
808 -0.6147
811 -0.6147
814 -0.6147
817 -0.6147
820 -0.6147
823 -0.6147
826 -0.6147
829 -0.6147
832 -0.6147
835 -0.6147
838 -0.6147
841 -0.6147
844 -0.6147
847 -0.6147
850 -0.6147
853 -0.6147
856 -0.6147
859 -0.6147
862 -0.6147
865 -0.6147
868 -0.6147
871 -0.6147
