3 7 6.4915
3 8 6.9085
4 7 5.7321
4 8 7.5272
5 8 6.7892
5 9 7.5355
6 9 4.8996
6 10 5.9584
6 116 6.7902
6 117 7.4767
7 10 5.1970
7 11 6.2132
8 11 4.8811
8 12 6.0706
9 12 4.9417
9 13 6.2938
9 111 7.5924
9 116 5.6025
9 117 7.4725
10 13 4.9474
10 14 6.4437
10 116 6.2685
11 14 5.3368
11 15 6.2605
12 15 4.9426
12 16 6.2533
12 108 7.9314
12 111 6.3757
13 16 5.5747
13 17 6.0561
13 111 4.6178
13 112 5.7048
13 113 7.7843
13 114 5.7953
13 115 7.3482
13 116 7.3358
13 659 7.8292
14 17 5.4444
14 18 6.1684
14 112 7.7996
14 657 6.9883
15 18 5.4177
15 19 6.5528
16 19 5.0174
16 20 7.3101
16 108 7.1869
16 111 6.4952
16 112 5.0159
17 20 7.4973
17 111 7.4321
17 112 4.6369
17 113 7.5979
17 114 7.8058
17 654 6.7468
17 655 5.9001
17 656 6.7535
17 657 5.0242
17 658 7.5849
18 654 7.4661
18 655 7.5788
18 656 7.8041
18 657 6.1866
19 654 6.4577
20 629 7.1963
20 652 5.4514
20 653 5.8615
20 654 4.4668
20 655 7.8054
21 652 6.6450
21 654 7.6792
22 25 7.7818
22 55 7.8525
22 56 7.2566
22 59 7.2240
23 59 7.4556
23 105 6.0508
23 108 6.2582
23 109 6.3927
24 28 7.8537
24 29 6.9433
24 59 7.8995
24 101 6.7722
24 105 5.4357
24 106 7.7761
25 28 5.7314
25 29 6.2972
25 101 7.6426
25 105 7.7354
26 29 5.3513
26 30 6.0817
27 30 5.0454
27 31 5.8984
28 31 5.3040
28 32 6.3291
28 97 7.0047
28 100 4.9482
28 101 6.5863
29 32 5.1522
29 33 6.2693
29 55 7.4907
29 100 7.0664
29 101 6.9961
30 33 5.1043
30 34 6.3832
30 51 6.4443
31 34 5.3544
31 35 6.2721
31 97 6.9286
32 35 5.0302
32 36 6.1769
32 97 5.4083
32 98 6.2657
32 100 7.6913
33 36 5.2675
33 37 6.0359
33 51 7.5385
33 134 7.3176
34 37 4.9409
34 38 6.1978
35 38 5.2831
35 39 7.1539
35 97 7.7991
36 39 5.6347
36 40 7.5400
36 134 7.5428
36 135 6.5862
36 138 7.6652
37 40 5.5923
37 41 6.4633
37 42 7.8079
37 44 7.8431
37 135 7.7415
37 138 6.2800
37 139 7.3817
37 142 7.5175
38 41 5.5259
38 42 5.4130
38 43 7.3347
38 44 7.5039
39 42 7.5382
40 139 6.5513
40 142 7.4943
41 44 6.8491
41 142 6.9098
43 151 7.3751
44 151 5.1880
44 152 5.8236
44 153 7.1722
45 151 5.9819
45 152 4.3610
45 153 6.0990
46 50 6.4608
46 51 6.9558
46 152 5.4239
46 153 4.9055
46 154 6.6299
47 50 4.9698
47 51 6.6873
47 152 6.8808
47 153 6.1230
47 154 5.3828
47 155 6.6518
48 51 5.6921
48 52 6.6242
49 52 4.9500
49 53 5.9439
49 154 7.5139
49 155 5.5857
49 172 7.2343
50 53 5.0233
50 54 6.3270
50 153 6.8753
50 154 5.4617
50 155 3.9136
50 156 7.5211
50 157 7.8976
50 158 6.2805
51 54 5.1513
51 55 6.1896
51 155 7.6444
52 55 4.9459
52 56 6.1100
53 56 5.2367
53 57 6.3180
53 155 6.5324
53 158 6.9568
53 159 7.4851
53 169 7.9071
53 172 6.5605
53 651 7.9083
54 57 5.1391
54 58 6.1778
54 134 7.8838
54 158 6.8317
55 58 5.0534
55 59 6.1748
56 59 5.4949
56 60 6.1039
56 651 5.8506
56 652 7.3530
57 60 5.1585
57 61 5.8894
57 162 7.9052
57 167 7.5466
57 169 6.8814
57 649 7.5553
57 651 7.6691
58 61 4.8869
58 62 5.9746
58 130 7.2670
58 133 7.4827
58 134 7.5279
59 62 5.0662
59 63 5.8753
59 109 6.9414
60 63 5.1338
60 64 6.1601
60 649 7.2505
60 654 7.9231
61 64 5.3211
61 65 6.1760
62 65 4.9666
62 66 6.0570
62 109 6.8479
62 110 7.8029
62 130 7.3650
63 66 5.1272
63 67 6.3666
63 109 5.5899
63 110 6.1964
63 112 6.4549
63 113 4.9273
64 67 5.0749
64 68 6.5421
64 113 6.4765
65 68 5.2044
65 69 5.9926
65 86 7.3400
65 89 7.4172
65 90 7.9377
65 113 7.7997
66 69 4.7794
66 70 5.9100
66 86 7.4354
66 109 7.7557
66 110 5.5781
66 113 5.1960
66 114 7.6253
66 115 7.0940
67 70 5.0650
67 71 6.4917
67 110 7.7160
67 113 4.7567
67 114 6.3560
67 115 7.2769
68 71 5.0731
68 72 6.4084
68 86 7.7888
68 89 6.0409
68 472 6.2382
69 72 5.1111
69 73 6.3046
69 81 6.5995
69 85 5.0657
69 86 5.0012
69 88 7.7644
69 89 5.8100
70 73 5.0462
70 74 6.1362
70 79 7.6824
70 80 7.8235
70 81 6.0632
70 85 7.3625
70 113 7.8237
70 114 7.3041
70 115 5.9870
71 74 5.1094
71 75 5.8840
71 468 7.6320
72 75 4.8922
72 76 6.4441
72 85 5.4815
72 88 7.3310
72 89 7.0162
72 452 7.9233
72 468 7.8316
73 76 5.2370
73 77 6.7633
73 78 5.3191
73 79 6.0940
73 80 6.3609
73 81 5.4104
73 82 7.3743
73 85 5.8408
74 77 5.1711
74 78 5.1271
74 79 5.6884
74 662 7.8497
75 78 7.3286
75 456 6.5755
75 468 7.9750
76 455 6.5342
76 456 4.4349
76 457 7.5891
77 456 7.4958
78 81 7.6568
79 115 7.8928
79 116 6.8287
79 117 6.0250
79 662 7.9976
79 663 6.9795
80 115 7.5990
80 116 6.9410
80 117 4.3918
80 118 5.0420
80 119 6.2054
81 84 7.9226
81 85 6.0599
81 86 7.7378
81 115 7.3715
81 117 6.6070
81 118 5.3014
81 119 5.9720
81 122 7.4472
82 85 5.2920
82 86 6.9188
82 118 6.9987
82 119 5.3646
82 121 6.8176
82 122 5.9412
83 86 5.2438
83 87 6.1597
83 119 7.9361
83 121 6.4508
83 122 5.5541
83 125 6.1110
84 87 5.1159
84 88 6.2904
85 88 5.2826
85 89 6.2642
86 89 5.2106
86 90 6.2163
87 90 5.2437
87 91 6.0176
88 91 4.9520
88 92 6.3182
88 451 7.5436
88 452 7.7910
88 455 7.9388
89 92 5.3069
89 93 6.1910
89 472 6.8016
90 93 4.9816
90 94 6.3434
90 95 5.1424
90 96 6.1329
91 94 5.4953
91 95 5.9034
91 96 4.8827
92 95 7.3436
92 96 7.7131
92 448 6.1972
92 469 6.8685
92 472 6.6033
92 473 6.1532
93 96 7.6486
93 472 6.4305
93 473 5.2990
94 473 7.9948
97 100 5.0092
97 101 7.6843
98 101 5.8780
98 127 6.5174
98 131 7.5990
99 102 6.1833
99 127 7.7192
101 105 6.3713
101 106 7.0988
101 127 7.2940
102 105 5.1596
102 106 6.4485
103 106 5.2282
103 107 6.1425
103 123 6.1898
104 107 4.9066
104 108 6.2370
105 108 5.1570
105 109 6.5416
106 109 5.2010
106 110 6.2614
106 123 6.5663
106 126 7.5808
107 110 5.1536
107 111 6.1782
107 118 7.8827
108 111 4.9997
108 112 6.4958
109 112 5.3552
109 113 6.2771
110 113 4.6189
110 114 6.3208
110 115 5.3259
111 114 4.9103
111 115 5.1153
111 116 6.7400
112 115 7.4776
112 655 7.3769
114 658 6.9472
114 659 5.6853
114 660 7.4247
115 118 7.3342
116 663 7.0077
118 122 6.8925
119 122 5.5730
120 123 6.5402
121 124 6.1632
121 125 6.5066
122 125 4.9725
122 126 5.8946
123 126 5.0871
123 127 6.2982
124 127 4.9857
124 128 6.2598
125 128 5.2450
125 129 6.3048
126 129 5.0074
126 130 5.9908
127 130 5.0634
127 131 6.0834
128 131 5.2065
128 132 6.5782
129 132 5.4547
129 133 6.3742
130 133 4.9489
130 134 6.3007
131 134 5.2102
131 135 6.0860
132 135 5.0523
132 136 6.1550
133 136 5.4939
133 137 6.4580
134 137 5.3262
134 138 5.7151
135 138 5.1787
135 139 5.6989
136 139 5.3122
136 140 6.7467
137 140 5.4053
137 141 6.0663
137 158 7.4552
137 161 5.6698
137 162 6.3409
137 165 7.0991
138 141 4.8199
138 142 5.8426
138 158 7.3663
138 161 7.4131
139 142 5.4870
139 143 6.2621
140 143 4.8229
140 144 6.2522
140 158 7.9984
140 161 5.3250
140 353 6.1623
141 144 5.2171
141 145 6.3027
141 153 7.2501
141 157 4.9513
141 158 4.9653
141 159 7.9198
141 160 7.0410
141 161 4.9290
142 145 4.6629
142 146 6.0690
142 153 6.5168
142 157 7.2218
143 146 5.0451
143 147 6.1795
143 349 6.9563
143 352 7.6552
143 353 7.3531
144 147 5.2070
144 148 6.3976
144 157 5.7145
144 160 7.9484
144 161 7.8086
144 333 7.9656
144 349 7.7748
145 148 5.4376
145 149 6.5319
145 150 5.5123
145 151 6.8369
145 152 6.8683
145 153 5.6431
145 154 7.5383
145 157 6.2725
146 149 4.9357
146 150 5.8036
146 151 7.1590
147 150 7.5687
147 345 7.8326
147 346 7.7401
147 349 6.6153
148 337 6.6491
150 153 7.4313
153 157 6.2724
153 158 7.5888
154 157 5.1643
154 158 6.6623
155 158 5.1320
155 159 6.1280
155 172 6.3222
155 173 7.1684
156 159 4.6297
156 160 5.9543
156 172 7.1964
156 173 6.3134
156 174 7.0115
157 160 5.3044
157 161 6.1763
158 161 4.8882
158 162 6.1396
159 162 5.1248
159 163 6.1712
159 168 7.1858
159 169 6.4028
159 172 7.2135
159 173 7.6518
159 174 6.3254
160 163 5.0089
160 164 6.2759
161 164 5.3104
161 165 6.3838
162 165 5.1027
162 166 6.3021
162 167 4.8578
162 168 5.3415
162 169 6.6326
163 166 5.1173
163 167 5.4433
163 168 4.4093
163 169 7.1800
164 167 7.3825
164 168 7.8669
165 168 7.7277
166 647 6.7572
167 647 6.2900
167 648 6.3818
167 649 7.1630
168 647 6.4260
168 648 4.8135
168 649 6.1420
169 172 7.5682
169 174 7.0194
169 648 5.8784
169 649 4.8991
169 650 6.2569
169 651 6.8376
170 173 7.5195
170 174 5.6516
170 648 7.2111
170 649 6.1029
170 650 5.1781
170 651 5.9722
170 696 7.5291
170 697 5.2467
170 700 5.3498
170 701 6.9025
171 174 6.1705
171 650 6.9905
171 651 5.9808
171 693 6.3598
171 694 7.4709
171 696 4.7271
171 697 4.3134
171 698 7.8021
171 699 7.5635
171 700 6.1210
172 696 6.9674
172 697 7.8491
172 700 7.8422
173 696 7.1064
173 699 7.8030
173 700 6.5593
174 699 7.3062
174 700 4.4279
174 701 7.8132
174 703 7.1532
174 704 7.5720
179 183 6.8112
179 184 7.0499
180 183 5.3738
180 184 6.4228
180 192 7.9124
181 184 4.8668
181 185 6.1398
181 190 7.7516
181 191 5.8407
181 192 6.6050
181 213 7.9677
181 374 7.5913
182 185 5.2149
182 186 5.8457
182 187 4.8799
182 188 6.2608
182 189 6.6153
182 190 5.7731
182 191 5.3458
182 192 7.6220
182 213 7.7269
183 186 4.7615
183 187 5.9364
183 188 7.5907
184 187 7.6084
184 373 7.1975
184 374 5.3082
184 377 6.3305
184 378 5.7321
185 213 6.7602
185 370 4.9852
185 371 6.5156
185 373 5.5346
185 374 4.2772
185 378 7.2193
186 370 6.6234
186 373 7.4252
186 374 7.6397
187 190 7.6934
187 216 7.9085
187 217 6.6106
187 220 7.7705
187 370 7.4587
188 220 7.0790
188 293 5.9223
188 296 7.0168
188 297 7.0941
189 216 5.7500
189 217 6.9267
189 219 7.6980
189 220 5.9156
189 290 7.9674
189 293 5.5142
189 294 7.9671
190 193 5.2441
190 194 6.3414
190 216 6.7858
190 293 7.5943
191 194 5.1435
191 195 6.0705
191 212 5.6220
191 213 5.7209
191 216 5.8278
192 195 5.0232
192 196 6.2467
192 212 7.4583
193 196 5.1992
193 197 6.1766
194 197 4.8702
194 198 6.0939
194 212 5.6063
194 215 7.7765
194 216 6.4616
195 198 5.1256
195 199 6.1966
195 207 7.6053
195 211 7.7322
195 212 5.0193
196 199 5.0421
196 200 6.0651
197 200 5.2900
197 201 5.8472
198 201 5.2099
198 202 7.1855
198 203 6.6170
198 207 7.1840
198 212 7.6644
198 327 7.3442
199 202 6.5176
199 203 7.2967
199 204 7.5386
199 205 7.8992
199 206 7.0431
199 207 6.4765
200 203 7.9510
201 718 7.8709
202 205 7.2750
202 586 5.3555
202 587 6.1791
202 588 6.0410
202 589 7.3189
203 327 6.7828
203 328 6.8077
203 330 7.7584
203 331 4.8475
203 342 7.7533
203 586 5.8754
203 587 7.8283
204 207 6.9748
204 331 6.0485
204 334 7.7272
204 340 5.8606
204 341 5.7881
204 342 6.2301
204 586 5.8637
205 340 5.4156
205 341 6.1065
205 586 7.2287
206 340 6.1532
206 341 4.5069
206 342 6.4954
207 211 6.8495
207 341 5.4195
207 342 5.1770
207 343 6.3148
208 211 5.4513
208 212 7.7993
208 341 6.5637
208 342 6.0446
208 343 4.6801
208 344 6.9854
209 212 6.7904
209 213 7.5345
209 343 7.3758
209 344 7.9854
210 213 5.2233
210 214 6.1649
210 343 6.4356
210 344 5.2060
210 371 5.9508
210 374 7.9349
210 375 7.7233
211 214 5.1966
211 215 6.1081
211 342 6.9701
211 343 4.9383
211 344 4.0491
211 345 7.6745
211 346 7.9636
211 347 6.4213
212 215 5.0930
212 216 5.6107
212 344 7.6454
213 216 5.2162
213 217 6.0349
213 344 7.9082
213 367 7.3097
213 370 6.4753
213 371 6.0234
213 374 7.6400
214 217 5.2230
214 218 6.3117
214 344 5.9740
214 347 6.9534
214 348 7.6589
214 366 7.8651
214 367 4.4329
214 368 6.6654
214 370 6.4338
214 371 6.0258
215 218 5.0493
215 219 6.2304
215 323 7.6728
215 344 7.8418
215 347 6.5197
215 367 6.9380
216 219 5.2793
216 220 6.2289
217 220 5.0664
217 221 6.0103
217 363 7.7804
217 366 6.2473
217 367 5.3853
217 370 6.6447
218 221 4.9505
218 222 6.1085
218 363 5.2132
218 364 7.4545
218 366 6.5727
218 367 5.7603
219 222 5.1692
219 223 6.2213
219 319 6.3805
219 322 7.3247
219 323 7.2077
220 223 5.3353
220 224 5.9388
220 294 7.8397
220 297 7.4888
221 224 5.1652
221 225 5.9748
221 363 6.3905
221 366 6.9816
222 225 4.9395
222 226 6.4021
222 363 7.3690
223 226 5.0699
223 227 6.0520
223 294 7.2330
223 297 7.7484
223 315 7.4564
223 319 7.4007
224 227 5.1470
224 228 6.0867
224 294 7.8678
224 297 5.7436
224 298 6.6670
224 301 6.9204
225 228 5.2778
225 229 6.8138
226 229 5.2669
226 230 6.0363
226 247 7.3381
226 250 6.9990
226 251 7.1948
227 230 4.8910
227 231 5.6696
227 247 7.7483
227 297 7.9510
227 298 6.0285
227 301 7.2276
228 231 5.3081
228 232 6.4789
228 298 7.6615
228 301 5.8463
228 302 7.0988
229 232 5.2165
229 233 6.3490
229 247 7.7460
229 250 5.2213
229 251 7.8945
230 233 5.0571
230 234 6.0849
230 242 6.6113
230 246 5.0826
230 247 5.0886
230 249 7.3809
230 250 5.2445
231 234 5.0311
231 235 6.1557
231 241 7.9860
231 242 6.2402
231 246 7.4758
231 302 6.6058
231 305 6.7150
232 235 4.8636
232 236 6.0609
233 236 4.9108
233 237 6.3432
233 246 5.5804
233 249 7.0273
233 250 6.6772
234 237 5.1544
234 238 6.2983
234 239 5.1784
234 240 6.4362
234 241 6.7543
234 242 5.7665
234 243 7.7415
234 246 5.7682
235 238 4.7981
235 239 5.5670
235 240 6.5362
236 239 7.7117
239 242 7.4512
240 304 6.8683
240 305 5.0168
240 306 6.1499
241 305 5.5855
241 306 4.4118
241 307 4.7973
241 308 6.3779
242 246 6.1214
242 247 7.5544
242 305 7.0457
242 306 6.0637
242 307 4.4682
242 308 6.1009
242 311 6.6374
243 246 5.4465
243 247 6.7557
243 307 6.3366
243 308 5.5332
243 310 7.0468
243 311 4.9072
244 247 5.1629
244 248 6.3940
244 266 6.8252
244 267 6.9998
244 268 5.8540
244 269 5.1122
244 310 6.7802
244 311 4.8319
244 314 7.0708
245 248 5.0833
245 249 6.2465
245 268 6.4722
245 269 4.2048
245 270 6.4527
245 400 7.1020
246 249 5.1744
246 250 6.1207
246 269 7.5624
247 250 5.0875
247 251 5.9903
247 266 7.8584
247 269 7.2165
247 311 7.6791
248 251 5.1115
248 252 5.7715
248 266 6.4860
248 269 5.2135
248 270 7.2296
248 271 7.2976
249 252 5.4078
249 253 5.7866
249 269 7.8812
249 271 7.6947
249 272 6.6073
250 253 5.4092
250 254 6.3942
251 254 5.4992
251 257 5.2805
251 258 5.3149
251 261 7.7667
252 255 7.1269
252 257 7.0561
252 258 4.9409
252 272 7.3435
253 258 7.2252
254 257 5.5049
254 258 5.9279
255 258 5.4947
255 259 6.3152
256 259 4.9285
256 260 6.2379
256 356 6.1079
256 357 7.7065
256 359 7.0762
257 260 4.9965
257 261 6.1212
258 261 5.0407
258 262 5.4251
259 262 4.9862
259 356 7.2714
260 354 7.7949
260 355 6.6149
260 356 6.9443
261 264 5.0955
261 265 7.8427
263 554 6.6559
263 555 6.2928
263 556 6.4397
264 555 6.4384
264 556 4.8157
264 557 5.7987
264 558 7.1557
265 269 7.8918
265 437 7.5048
265 440 7.2005
265 555 7.5259
265 556 6.2967
265 557 4.9788
265 558 6.0604
266 269 5.1394
266 270 7.9435
266 314 6.7226
266 557 6.4158
266 558 5.1986
266 559 6.8945
267 270 7.8709
267 314 7.6291
267 433 7.8793
267 436 5.8383
267 437 7.6419
267 557 6.9564
267 558 6.0748
267 559 5.8972
268 400 5.2638
268 401 6.5686
268 402 7.7451
268 436 7.2795
269 400 5.7742
270 397 6.7628
270 398 7.5001
270 399 6.3094
270 400 4.3654
270 401 7.6764
270 440 7.9110
271 397 5.8702
271 398 7.6258
271 400 7.7459
271 500 7.4495
271 501 7.9991
272 397 6.5026
272 398 7.6756
273 394 6.9683
273 397 5.1678
273 398 6.4787
274 397 7.7162
274 502 6.8643
275 279 6.8824
275 280 7.6075
275 393 7.8781
275 502 5.7525
276 279 5.5734
276 280 7.4019
276 502 7.4654
277 280 5.4816
279 459 6.9839
279 504 7.0279
289 292 7.7121
289 316 6.9806
290 293 5.5370
290 294 6.0742
290 316 5.8822
290 319 7.5465
291 294 5.0947
291 295 6.1005
291 312 6.7881
291 316 6.8435
292 295 5.0736
292 296 6.2457
293 296 5.1149
293 297 6.3235
294 297 5.2029
294 298 6.1554
294 312 7.9572
294 315 7.4657
295 298 4.9401
295 299 6.2293
296 299 5.2259
296 300 6.4617
297 300 5.0627
297 301 6.4696
298 301 5.4048
298 302 5.6997
298 303 7.2325
298 305 7.2987
298 306 7.6877
299 302 5.0482
299 303 4.4014
299 304 7.2529
299 305 6.9684
300 303 5.9488
302 305 5.4620
307 311 6.1979
307 312 6.5334
308 311 5.0697
308 312 6.2746
309 312 4.7251
309 313 6.1623
310 313 4.8208
310 314 6.5554
310 559 6.5927
311 314 5.1420
311 315 6.4603
311 559 7.5469
312 315 4.9761
312 316 6.1597
313 316 5.1613
313 317 6.1622
313 558 7.2087
313 559 4.5616
313 560 6.6531
313 561 7.1511
313 562 6.4078
314 317 5.1089
314 318 6.1122
314 558 4.9782
314 559 4.3475
314 560 7.7689
315 318 4.9158
315 319 6.2229
315 558 7.9295
315 559 7.8055
316 319 5.2411
316 320 6.3493
316 559 7.7308
316 561 7.5929
317 320 5.3471
317 321 6.0907
317 558 5.1894
317 559 6.0775
317 560 7.4670
317 561 6.0336
318 321 5.0826
318 322 6.3182
318 558 6.7845
319 322 5.5417
319 323 6.0317
320 323 4.9824
320 324 6.2092
321 324 5.3889
321 325 6.1900
322 325 4.9229
322 326 5.9047
323 326 5.3186
323 327 5.9747
324 327 5.1446
324 328 5.5756
325 328 5.1277
325 329 6.2875
325 354 7.6408
326 329 5.2716
326 330 6.1134
326 347 6.8408
326 350 5.7530
326 351 6.5796
326 354 7.1748
327 330 4.9406
327 331 5.9216
327 347 7.0971
327 350 7.8071
328 331 5.0515
328 332 6.4672
329 332 5.2041
329 333 6.1739
329 350 5.4765
330 333 4.9846
330 334 6.2986
330 342 6.5957
330 346 5.0216
330 347 5.5491
330 349 7.6617
330 350 5.5121
331 334 5.4988
331 335 6.2514
331 342 6.6511
331 346 7.8744
332 335 4.7772
332 336 6.0135
333 336 5.2570
333 337 6.2261
333 346 6.4200
333 350 7.8119
334 337 5.1591
334 338 6.0610
334 339 4.9334
334 340 6.5590
334 341 6.6702
334 342 6.0819
334 346 6.7490
335 338 5.0200
335 339 5.9424
335 340 7.2226
335 585 7.8671
336 339 7.8763
339 342 7.6902
342 345 7.7338
342 346 5.8463
342 347 7.4498
343 346 5.3253
343 347 6.5477
344 347 4.9574
344 348 6.0814
345 348 5.0362
345 349 6.4793
346 349 5.4915
346 350 6.1351
347 350 5.1209
347 351 6.1580
348 351 4.9858
348 352 6.3891
348 364 6.6446
348 367 7.8358
349 352 4.8891
349 353 6.0922
350 353 4.9495
350 354 6.0607
351 354 5.3258
351 355 5.7854
351 360 6.3910
351 363 7.4678
351 364 7.3055
352 355 5.7258
352 356 7.6924
352 360 5.6920
352 361 7.7792
352 364 7.8811
353 356 7.9652
355 359 6.1491
355 360 5.1197
356 359 5.7974
356 360 5.9503
357 360 5.4189
357 361 6.7856
358 361 5.2814
358 362 6.1738
359 362 5.3415
359 363 6.2508
360 363 5.0839
360 364 6.0354
361 364 5.0626
361 365 6.2010
362 365 5.0523
362 366 6.4228
363 366 5.1693
363 367 5.8996
364 367 4.9603
364 368 5.8575
365 368 5.3161
365 369 5.9136
366 369 5.0948
366 370 6.0440
367 370 5.2156
367 371 6.3257
368 371 5.1933
368 372 6.2553
369 372 5.4551
369 373 6.1398
370 373 5.1997
370 374 6.0054
371 374 4.9559
371 375 6.0666
372 375 5.3471
372 376 6.3104
373 376 5.4484
373 377 6.8037
373 378 5.4042
374 377 5.1705
374 378 5.7578
375 378 7.1918
379 382 7.8518
383 387 6.5313
383 388 7.0117
384 387 5.8071
384 388 7.6870
385 388 7.0219
385 389 7.4834
386 389 4.8249
386 390 6.0353
386 504 6.7804
386 505 7.5843
387 390 5.0987
387 391 6.2075
388 391 4.7115
388 392 6.1239
389 392 5.1377
389 393 6.3384
389 499 7.6647
389 504 5.6624
389 505 7.5775
390 393 5.0165
390 394 6.2910
390 504 6.4259
391 394 5.4310
391 395 6.1503
392 395 4.8589
392 396 6.1568
392 496 7.7260
392 499 6.4350
393 396 5.4327
393 397 6.0434
393 499 4.5302
393 500 5.6414
393 501 7.7528
393 502 5.7540
393 503 7.2181
393 504 7.3462
394 397 5.3464
394 398 6.1712
394 500 7.7542
395 398 5.3297
395 399 6.7126
396 399 5.0815
396 400 7.3764
396 496 7.1803
396 499 6.5955
396 500 4.9524
397 400 7.6201
397 499 7.5606
397 500 4.7935
397 501 7.4495
397 502 7.6361
402 405 7.3727
402 435 7.7513
402 436 7.2160
402 439 7.2621
403 439 7.4261
403 493 5.8442
403 494 7.9732
403 496 6.2431
403 497 6.3214
404 409 6.9028
404 439 7.7364
404 489 6.7165
404 493 5.2292
404 494 7.6098
405 408 5.9495
405 409 6.2124
405 489 7.9346
405 493 7.6173
406 409 5.2342
406 410 6.0000
407 410 4.8537
407 411 6.2688
408 411 5.2608
408 412 6.4274
408 485 6.9288
408 488 5.1518
408 489 7.2116
409 412 5.1609
409 413 6.3487
409 435 7.2719
409 485 7.9585
409 488 6.8821
409 489 7.2287
410 413 5.2062
410 414 6.2910
410 431 6.5334
411 414 5.0768
411 415 5.9399
411 482 6.8703
411 485 6.4471
412 415 5.0558
412 416 6.0987
412 482 7.9865
412 485 5.0526
412 486 6.0452
412 488 7.5958
413 416 5.3062
413 417 5.9833
413 431 7.3542
413 522 7.5107
413 526 7.7641
414 417 5.0304
414 418 5.6697
414 478 7.9903
414 482 7.8590
415 418 4.9186
415 419 6.5411
415 482 5.6552
415 483 6.9509
415 485 7.4588
416 419 5.4573
416 420 7.1176
416 522 7.7508
416 523 6.4569
416 526 7.5638
417 420 5.2609
417 421 6.4248
417 422 7.6908
417 424 7.5659
417 523 7.7593
417 526 6.2811
417 527 7.3173
417 530 7.4923
418 421 5.4405
418 422 4.9612
418 423 6.9923
418 424 6.9224
419 422 6.7954
420 527 6.9769
420 530 7.5970
421 424 6.5804
421 530 7.5370
423 539 7.3683
424 539 5.3121
424 540 5.7689
424 541 7.0014
425 539 6.1091
425 540 4.4645
425 541 6.1201
426 429 7.9694
426 430 6.1900
426 431 7.0231
426 540 5.2495
426 541 4.7613
426 542 6.2884
427 430 5.1286
427 431 6.9730
427 540 6.9033
427 541 6.3197
427 542 5.3408
427 543 6.7199
428 431 5.6525
428 432 6.5665
429 432 4.9597
429 433 5.9941
429 542 7.2127
429 543 5.3850
429 560 7.2458
430 433 5.1841
430 434 6.3033
430 541 6.6470
430 542 5.2895
430 543 3.9071
430 544 7.5438
430 545 7.8447
430 546 6.1623
431 434 5.0329
431 435 6.1722
431 543 7.5782
432 435 5.0344
432 436 6.0842
433 436 5.1669
433 437 6.1691
433 543 6.4849
433 546 6.9837
433 547 7.4166
433 557 7.8302
433 560 6.6910
434 437 5.1631
434 438 6.1440
434 522 7.9121
434 546 6.9661
435 438 5.2055
435 439 6.0991
436 439 5.4551
436 440 6.1565
437 440 5.2495
437 441 6.0505
437 550 7.8650
437 555 7.7468
437 557 6.9378
438 441 4.9832
438 442 6.1134
438 518 7.2162
438 521 7.3988
438 522 7.3085
439 442 5.1371
439 443 6.0444
439 497 7.2677
440 443 5.2774
440 444 6.2094
441 444 5.2730
441 445 6.2250
442 445 4.8884
442 446 6.1282
442 497 6.9694
442 498 7.8966
442 518 7.4978
443 446 5.1920
443 447 6.3094
443 497 5.5356
443 498 6.1470
443 500 6.3403
443 501 4.7777
444 447 4.9716
444 448 6.5074
444 501 6.3314
445 448 5.2319
445 449 5.8604
445 466 7.2555
445 469 7.3619
445 470 7.8889
445 501 7.8443
446 449 4.6985
446 450 5.8040
446 466 7.5055
446 497 7.7637
446 498 5.5326
446 501 5.3824
446 502 7.6036
446 503 7.0546
447 450 5.1527
447 451 6.5452
447 498 7.6888
447 501 4.7910
447 502 6.3555
447 503 7.2889
448 451 5.1092
448 452 6.4475
448 466 7.8754
448 469 6.1149
449 452 5.1377
449 453 6.3940
449 461 6.7377
449 465 5.0197
449 466 5.0949
449 468 7.7594
449 469 5.8270
450 453 5.1189
450 454 6.1301
450 459 7.8633
450 460 7.8978
450 461 5.9865
450 465 7.3322
450 502 7.4341
450 503 6.0329
451 454 5.1001
451 455 5.9548
452 455 4.9520
452 456 6.5008
452 465 5.4526
452 468 7.3931
452 469 7.1840
453 456 5.2985
453 457 6.7144
453 458 5.2632
453 459 6.3087
453 460 6.4358
453 461 5.3956
453 462 7.1859
453 465 5.8524
454 457 4.9919
454 458 4.9372
454 459 5.7695
454 460 7.9372
455 458 7.2382
458 461 7.5940
459 504 6.8806
459 505 6.0277
460 503 7.8162
460 504 6.9781
460 505 4.3584
460 506 5.1755
460 507 6.1473
461 465 6.3308
461 503 7.4158
461 505 6.3755
461 506 5.1664
461 507 5.8293
461 510 7.5111
462 465 5.3445
462 466 6.9644
462 506 6.9269
462 507 5.3062
462 509 7.0352
462 510 5.9189
463 466 5.1732
463 467 6.1523
463 507 7.9839
463 509 6.7416
463 510 5.6441
463 513 6.4929
464 467 4.9750
464 468 6.0295
465 468 5.1844
465 469 6.1639
466 469 5.1109
466 470 6.0563
467 470 5.1958
467 471 5.9746
468 471 5.0827
468 472 6.1463
469 472 5.1804
469 473 5.9665
470 473 5.0470
470 474 6.1637
470 475 5.0605
470 476 5.7323
470 477 7.3855
471 474 5.0946
471 475 5.7709
471 476 4.7741
471 477 4.3794
472 475 7.5165
472 476 7.9687
472 477 6.6524
473 476 7.8100
473 477 7.7841
474 477 4.9837
478 481 6.6950
478 482 7.2107
482 485 7.1058
484 487 6.1638
485 488 5.0733
485 489 7.6898
486 489 5.7744
486 515 6.4457
486 519 7.2133
487 490 6.2973
487 515 7.6952
489 493 6.2925
489 494 6.8762
489 515 7.0811
490 493 5.1788
490 494 6.2678
491 494 5.1771
491 495 6.1042
491 511 6.0893
492 495 4.7792
492 496 6.2119
493 496 5.2342
493 497 6.4045
494 497 5.0705
494 498 6.3048
494 511 6.8739
494 514 7.5911
495 498 5.1254
495 499 6.1479
495 506 7.8558
496 499 4.9674
496 500 6.2677
497 500 5.2240
497 501 6.3124
498 501 4.8501
498 502 6.2826
498 503 5.2419
499 502 4.8309
499 503 4.9681
499 504 6.6720
500 503 7.4151
503 506 7.3844
506 510 6.8473
507 510 5.6353
508 511 6.7314
509 512 6.1039
509 513 6.6560
510 513 5.1113
510 514 5.9839
511 514 5.2000
511 515 6.2960
512 515 4.9385
512 516 6.1478
513 516 4.9969
513 517 6.2008
514 517 5.0313
514 518 5.9469
515 518 5.1553
515 519 6.0846
516 519 5.2500
516 520 6.4635
517 520 5.2251
517 521 6.2205
518 521 4.9606
518 522 6.1268
519 522 5.1989
519 523 6.0298
520 523 5.2051
520 524 6.1106
521 524 5.3690
521 525 6.4349
522 525 5.1873
522 526 5.7554
523 526 5.2085
523 527 5.7035
524 527 5.3220
524 528 6.6436
525 528 5.3289
525 529 6.0993
525 546 7.4230
525 549 5.8645
525 550 6.2820
525 553 7.4494
526 529 4.8762
526 530 5.9349
526 546 7.2414
526 549 7.5798
527 530 5.2610
527 531 6.2764
528 531 5.0199
528 532 6.4436
528 546 7.9312
528 549 5.2014
528 736 6.3649
529 532 5.2580
529 533 6.3843
529 541 7.1732
529 545 4.9701
529 546 4.9684
529 547 7.9486
529 548 7.1430
529 549 4.9998
530 533 4.7563
530 534 6.0966
530 541 6.6167
530 545 7.3469
531 534 5.2392
531 535 6.0011
531 732 7.1492
531 735 7.8891
531 736 7.4645
532 535 5.0475
532 536 6.2192
532 545 5.8094
532 549 7.8313
532 716 7.7585
533 536 5.1563
533 537 6.3284
533 538 5.4882
533 539 6.8583
533 540 6.8393
533 541 5.7812
533 542 7.7231
533 545 6.4330
534 537 4.7460
534 538 5.8222
534 539 7.1583
535 538 7.4769
535 732 6.9547
536 720 6.5271
538 541 7.6136
541 545 6.2717
541 546 7.4109
542 545 5.2107
542 546 6.5431
543 546 5.0147
543 547 5.9411
543 560 6.2761
543 561 7.2412
544 547 4.7389
544 548 5.9398
544 560 7.2124
544 561 6.2346
545 548 5.2132
545 549 6.1640
546 549 5.0443
546 550 6.0966
547 550 5.1450
547 551 6.2615
547 556 7.1654
547 557 6.4247
547 560 7.1433
547 561 7.3027
548 551 5.1820
548 552 6.4004
549 552 5.1770
549 553 6.5973
550 553 5.3290
550 554 6.5969
550 555 4.8147
550 556 5.4631
550 557 6.7822
551 554 4.9960
551 555 5.0173
551 556 4.2901
551 557 7.1382
552 555 7.0131
552 556 7.8233
553 556 7.8077
557 560 7.4767
558 561 7.3063
559 562 7.1039
563 567 6.7859
563 568 7.1552
564 567 5.5424
564 568 6.4154
564 576 7.9073
565 568 4.8109
565 569 6.3113
565 574 7.9208
565 575 5.8785
565 576 6.6031
565 757 7.3229
566 569 5.3213
566 570 6.1448
566 571 4.9515
566 572 6.2521
566 573 6.5548
566 574 5.7692
566 575 5.1590
566 576 7.3693
566 597 7.6234
567 570 4.8027
567 571 5.6894
567 572 7.2918
568 571 7.6185
568 756 6.8644
568 757 4.9697
568 760 6.5379
569 597 6.9416
569 753 4.9648
569 754 6.5471
569 755 7.7027
569 756 5.1676
569 757 4.0514
569 758 7.8084
570 753 6.6760
570 756 7.0598
570 757 7.4838
571 574 7.6962
571 600 7.8504
571 601 6.7970
571 604 7.5754
571 753 7.5825
572 604 7.1948
572 676 5.8882
572 679 6.6362
572 680 6.8493
573 600 5.7427
573 601 7.1082
573 603 7.5478
573 604 5.8765
573 676 5.4085
573 677 7.8073
574 577 5.3356
574 578 5.9646
574 600 6.4929
574 676 7.4656
575 578 5.0924
575 579 6.0320
575 596 5.5790
575 597 5.5214
575 600 5.7872
576 579 5.0869
576 580 6.3394
576 596 7.5181
577 580 5.0033
577 581 6.1494
578 581 5.1266
578 582 6.1485
578 596 5.6054
578 599 7.6023
578 600 6.5076
579 582 5.1062
579 583 6.6178
579 591 7.6525
579 595 7.7811
579 596 4.9786
580 583 5.4146
580 584 6.1353
581 584 5.2300
581 585 5.7952
582 585 5.2417
582 586 7.5296
582 587 6.6776
582 591 7.1341
582 596 7.6438
582 710 7.1816
583 586 6.4439
583 587 6.8736
583 588 7.2322
583 589 7.5238
583 590 7.0056
583 591 6.4978
584 587 7.9421
586 589 7.5007
587 710 6.7856
587 711 6.7737
587 713 7.8098
587 714 4.9881
587 725 7.8803
588 591 7.0000
588 714 6.0972
588 717 7.7567
588 723 5.7855
588 724 5.8453
588 725 6.3478
589 723 5.4995
589 724 6.0708
590 723 6.0251
590 724 4.2023
590 725 6.2394
591 595 6.8994
591 724 5.2634
591 725 4.9092
591 726 6.2336
592 595 5.5705
592 596 7.7769
592 724 6.4937
592 725 5.9038
592 726 4.6734
592 727 7.1626
593 596 6.7598
593 597 7.4722
593 726 7.2035
593 727 7.9644
594 597 5.0844
594 598 6.0384
594 726 6.3589
594 727 5.2349
594 754 5.8967
595 598 5.1697
595 599 5.9662
595 725 6.8849
595 726 4.7594
595 727 4.0316
595 728 7.6551
595 729 7.8789
595 730 6.3389
596 599 4.9539
596 600 5.7680
596 727 7.6418
597 600 5.2377
597 601 6.1365
597 727 7.9539
597 750 7.2436
597 753 6.4363
597 754 6.0319
597 757 7.6039
598 601 5.1330
598 602 6.4306
598 727 6.0114
598 730 7.0241
598 731 7.7008
598 749 7.7698
598 750 4.3312
598 751 6.4836
598 753 6.3298
598 754 6.0912
599 602 5.2746
599 603 6.3946
599 706 7.7882
599 727 7.8058
599 730 6.5757
599 750 6.9436
600 603 5.2090
600 604 6.1748
601 604 5.0626
601 605 6.1068
601 746 7.5626
601 749 6.0590
601 750 5.2129
601 753 6.4425
602 605 5.0186
602 606 6.1409
602 746 5.1011
602 747 7.4518
602 749 6.5865
602 750 5.9193
603 606 5.1804
603 607 6.0465
603 702 6.6652
603 705 7.4454
603 706 7.4200
604 607 5.1189
604 608 6.0501
604 680 7.3907
605 608 5.1508
605 609 6.1035
605 745 7.9600
605 746 6.4069
605 749 7.0955
606 609 5.0336
606 610 6.4112
606 742 7.9706
606 746 7.5494
607 610 5.3071
607 611 6.1089
607 677 7.1371
607 680 7.4685
607 698 7.7054
607 702 7.6561
608 611 5.1650
608 612 5.8835
608 680 5.9679
608 681 6.9197
608 684 7.1015
609 612 5.3446
609 613 6.7687
610 613 5.3924
610 614 5.9458
610 631 7.1801
610 634 6.6014
610 635 7.0278
611 614 4.8028
611 615 5.4645
611 631 7.6822
611 680 7.9583
611 681 6.1578
611 684 7.3777
612 615 5.0841
612 616 6.4237
612 681 7.6521
612 684 5.9587
612 685 7.2013
613 616 4.9731
613 617 6.3131
613 631 7.8125
613 634 5.1298
614 617 5.0049
614 618 6.1762
614 626 6.4796
614 630 5.0257
614 631 5.0813
614 633 7.2205
614 634 5.1407
615 618 5.2071
615 619 6.2504
615 626 6.2853
615 630 7.5859
615 684 7.9562
615 685 6.4393
615 688 6.6831
616 619 4.9200
616 620 6.2800
617 620 5.2388
617 621 6.3315
617 626 7.8685
617 630 5.3049
617 631 7.9787
617 633 7.0471
617 634 6.8191
618 621 5.1506
618 622 6.2546
618 623 5.0444
618 624 6.5268
618 625 6.4868
618 626 5.3322
618 627 7.5951
618 630 5.9219
619 622 4.9852
619 623 5.7214
619 624 6.7559
620 623 7.5415
623 626 7.0725
624 687 7.1015
624 688 5.1708
624 689 6.1085
625 688 5.7296
625 689 4.4324
625 690 4.6144
625 691 6.0133
626 629 7.9895
626 630 5.9972
626 631 7.4424
626 688 7.2071
626 689 6.0958
626 690 4.4603
626 691 6.0096
626 694 6.6916
627 630 5.4722
627 631 6.6868
627 690 6.2222
627 691 5.3916
627 693 6.8964
627 694 4.8261
628 631 5.0049
628 632 6.1079
628 650 7.0309
628 651 7.1840
628 652 5.8165
628 653 4.9432
628 693 6.7437
628 694 4.7595
628 697 7.2563
629 632 5.2100
629 633 6.1449
629 652 6.6635
629 653 4.3447
629 654 6.5404
630 633 5.0036
630 634 6.0407
630 653 7.5370
631 634 5.0574
631 635 5.9682
631 653 7.2116
631 694 7.2925
632 635 5.0603
632 636 5.9392
632 650 6.5368
632 653 5.1617
632 654 7.2435
632 655 7.3676
633 636 5.3903
633 637 5.9665
633 653 7.8390
633 655 7.8666
633 656 6.7461
634 637 5.7061
634 638 6.4307
635 638 5.5708
635 639 7.9434
635 641 5.5389
635 642 5.2941
635 645 7.7783
636 639 6.9598
636 641 7.2048
636 642 4.8951
636 656 7.0814
637 642 7.1358
637 656 7.9446
638 641 5.6408
638 642 5.8757
639 642 5.1330
639 643 6.2446
640 643 5.0873
640 644 6.1247
640 739 5.8922
640 740 7.3921
640 741 7.6595
640 742 6.8929
641 644 4.8442
641 645 6.1165
641 742 7.9468
642 645 5.1601
642 646 5.5688
643 646 4.7084
643 739 7.4512
644 738 6.7988
644 739 6.9253
645 648 5.0480
645 649 7.8134
650 653 5.2915
650 654 7.8964
650 697 6.9920
651 654 7.8494
651 697 7.7469
659 663 6.8498
659 664 7.7634
660 663 5.5088
660 664 7.4487
661 664 5.5968
662 665 7.9572
667 670 7.9352
668 671 7.7553
672 699 6.4498
673 676 5.5282
673 677 6.0854
673 699 5.8464
673 702 7.6247
674 677 5.1901
674 678 6.0261
674 695 6.8957
674 699 6.8949
675 678 5.1350
675 679 6.2359
676 679 4.9437
676 680 6.3929
677 680 5.2851
677 681 6.1703
677 695 7.9399
677 698 7.4962
678 681 5.0522
678 682 6.2779
678 689 7.9035
679 682 5.1942
679 683 6.4860
680 683 5.0238
680 684 6.4931
681 684 5.2775
681 685 5.7339
681 686 6.9605
681 688 7.3679
681 689 7.5017
682 685 5.2540
682 686 4.2497
682 687 7.3874
682 688 7.1840
683 686 6.0532
685 688 5.2474
690 694 6.2324
690 695 6.2836
691 694 5.2745
691 695 6.1772
692 695 5.1984
692 696 6.1964
693 696 4.6559
693 697 6.1271
694 697 4.8628
694 698 6.3493
695 698 4.9908
695 699 6.1717
696 699 5.0803
696 700 6.4209
697 700 5.2096
697 701 6.1727
698 701 4.8508
698 702 6.1410
699 702 5.3134
699 703 6.3750
700 703 5.2235
700 704 5.9706
701 704 5.0845
701 705 6.2610
702 705 5.3782
702 706 6.0180
703 706 5.0490
703 707 6.2848
704 707 5.4222
704 708 6.3560
705 708 5.0683
705 709 6.3055
706 709 5.4872
706 710 5.9993
707 710 5.1170
707 711 5.4474
708 711 5.0912
708 712 6.0502
708 737 7.7522
709 712 4.9711
709 713 5.8456
709 730 6.6790
709 733 5.6186
709 734 6.4747
709 737 7.3264
710 713 4.9426
710 714 5.9980
710 730 7.2174
710 733 7.9009
711 714 5.0850
711 715 6.5136
712 715 5.2552
712 716 6.0897
712 733 5.4726
713 716 4.9937
713 717 6.0824
713 725 6.6864
713 729 5.1522
713 730 5.5566
713 732 7.6093
713 733 5.4722
714 717 5.2505
714 718 6.1877
714 725 6.8248
715 718 4.9466
715 719 6.0212
716 719 5.3413
716 720 6.6405
716 729 6.5379
716 733 7.5894
717 720 5.4824
717 721 6.2683
717 722 5.0418
717 723 6.6872
717 724 6.9568
717 725 6.2365
717 729 6.7095
718 721 4.8463
718 722 5.7537
718 723 7.0401
719 722 7.6671
722 725 7.6738
725 728 7.8731
725 729 6.0420
725 730 7.5499
726 729 5.3778
726 730 6.5139
727 730 4.9328
727 731 6.0051
728 731 5.1630
728 732 6.3944
729 732 5.2402
729 733 6.0238
730 733 4.9860
730 734 6.1569
731 734 5.0741
731 735 6.1761
731 747 6.3959
731 750 7.7804
732 735 4.8625
732 736 6.1906
733 736 5.0772
733 737 6.1187
734 737 5.0783
734 738 5.6338
734 743 6.3172
734 746 7.4762
734 747 7.1505
735 738 5.8792
735 739 7.9678
735 743 5.7703
735 747 7.5630
737 743 7.8387
738 742 5.8916
738 743 4.8279
739 742 5.7347
739 743 5.8527
740 743 5.5030
740 744 6.6441
741 744 4.9106
741 745 6.2248
742 745 5.3786
742 746 6.0654
743 746 5.0624
743 747 5.8661
744 747 5.2607
744 748 6.2951
745 748 5.1063
745 749 6.2306
746 749 5.1293
746 750 6.0032
747 750 5.1944
747 751 6.2421
748 751 5.4768
748 752 5.7368
749 752 4.8292
749 753 5.9844
750 753 5.0833
750 754 6.2942
751 754 5.0390
751 755 6.2176
752 755 5.3559
752 756 6.4566
753 756 5.2524
753 757 5.9657
754 757 5.0297
754 758 5.8993
755 758 4.9600
755 759 5.7599
756 759 4.8265
756 760 6.1607
757 760 5.9526
