2 141 0.55716175
2 150 0.55677515
2 155 0.61316991
2 162 0.69145364
10 127 0.66085511
10 134 0.55253088
10 141 0.44218174
10 150 0.64588135
10 380 0.76351821
17 127 0.51782393
17 134 0.51217204
17 141 0.61885792
17 150 0.73829222
17 170 0.78762859
17 187 0.69106638
17 380 0.53637320
17 389 0.59968388
17 396 0.76444232
29 111 0.69685715
29 120 0.56557101
29 127 0.40033701
29 134 0.63425899
29 380 0.65737426
29 389 0.49249303
29 396 0.61564761
38 111 0.56322175
38 120 0.53395379
38 127 0.58273035
38 217 0.71015459
38 389 0.58964419
38 396 0.47552317
38 407 0.54922384
38 414 0.76611483
46 98 0.76279902
46 107 0.60038722
46 111 0.47394085
46 120 0.68843991
46 389 0.73913354
46 396 0.62306988
46 407 0.45456374
46 414 0.65361494
54 90 0.69168454
54 98 0.50474405
54 107 0.53110856
54 111 0.62172645
54 407 0.58043236
54 414 0.51861560
54 421 0.63786441
62 90 0.67852038
62 98 0.49632502
62 107 0.70338166
62 180 0.75055677
62 407 0.74130565
62 414 0.60139346
62 421 0.46502122
62 428 0.64719301
70 98 0.57303947
70 291 0.61167967
70 298 0.76950824
70 306 0.72205073
70 414 0.72265929
70 421 0.54168695
70 428 0.48318675
74 428 0.61833125
90 279 0.79563522
90 291 0.75639987
134 187 0.68215662
141 187 0.72744280
150 180 0.61720747
150 187 0.54403800
155 180 0.66850191
155 187 0.76995611
162 187 0.65002167
170 192 0.59188288
170 380 0.78894609
175 201 0.65320128
180 210 0.64334434
187 217 0.60385615
192 228 0.60121530
192 396 0.76622605
201 237 0.61362225
210 246 0.61186641
217 258 0.60057718
228 263 0.58952725
237 271 0.60626060
246 279 0.64429104
258 287 0.64356619
258 291 0.50040323
258 298 0.70613545
263 291 0.54877442
263 298 0.66836828
291 428 0.72786111
298 414 0.77620816
298 421 0.76553851
298 428 0.61963099
306 414 0.55126017
306 421 0.46910051
306 428 0.40987808
310 407 0.79343528
310 414 0.52829677
310 421 0.50863987
310 428 0.63903278
319 396 0.68720371
319 407 0.54763734
319 414 0.44273382
319 421 0.65310639
333 396 0.56375927
333 407 0.54795015
333 414 0.68460900
340 380 0.71929294
340 389 0.56039107
340 396 0.43291157
340 407 0.65585989
352 380 0.55612040
352 389 0.51286072
352 396 0.63979894
360 389 0.65016961
