# Rg_nm ProbabilityDensity
7.618457794189453125e+00 8.774462984884209794e-04
7.685801506042480469e+00 1.079933905831902694e-03
7.753145694732666016e+00 1.484919634638532824e-03
7.820489883422851562e+00 1.889884335205829768e-03
7.887833595275878906e+00 7.829520817281294259e-03
7.955178260803222656e+00 8.369487770197246365e-03
8.022521972656250000e+00 7.559537340823319074e-03
8.089866638183593750e+00 7.964568949424858171e-03
8.157210350036621094e+00 1.383655519737994090e-02
8.224554061889648438e+00 1.316178767065972338e-02
8.291898727416992188e+00 1.248682420036948022e-02
8.359242439270019531e+00 1.397154597979340281e-02
8.426586151123046875e+00 1.741405753348824678e-02
8.493930816650390625e+00 3.320773247371185816e-02
8.561275482177734375e+00 4.576252328567842476e-02
8.628618240356445312e+00 5.507701917568376404e-02
8.695962905883789062e+00 5.271390053245723906e-02
8.763307571411132812e+00 5.588697534003205653e-02
8.830651283264160156e+00 9.381859377735665695e-02
8.897994995117187500e+00 1.181186073007923915e-01
8.965339660644531250e+00 1.426197812723281888e-01
9.032683372497558594e+00 1.576692338589245901e-01
9.100027084350585938e+00 1.451846424594311069e-01
9.167371749877929688e+00 1.407953860572417337e-01
9.234716415405273438e+00 1.401899127792833044e-01
9.302059173583984375e+00 1.351951830991355019e-01
9.369403839111328125e+00 1.447776141384388704e-01
9.436748504638671875e+00 1.441047009069667262e-01
9.504091262817382812e+00 1.525417442855947492e-01
9.571435928344726562e+00 1.567242983820303359e-01
9.638780593872070312e+00 1.670534588968349554e-01
9.706124305725097656e+00 1.738681277485401300e-01
9.773468017578125000e+00 1.512593136920432901e-01
9.840812683105468750e+00 1.685359918432083326e-01
9.908157348632812500e+00 2.099136392602653223e-01
9.975500106811523438e+00 2.226704488487508959e-01
1.004284477233886719e+01 2.157152702967135849e-01
1.011018943786621094e+01 2.604684031850044712e-01
1.017753219604492188e+01 2.499389730484767036e-01
1.024487686157226562e+01 2.361663738323531991e-01
1.031222152709960938e+01 2.074162744201914210e-01
1.037956523895263672e+01 2.207099292460117379e-01
1.044690895080566406e+01 2.153808433696162983e-01
1.051425361633300781e+01 2.052534846596702212e-01
1.058159828186035156e+01 2.362372146015847829e-01
1.064894104003906250e+01 2.556086661989147579e-01
1.071628570556640625e+01 3.017718940852961440e-01
1.078363037109375000e+01 3.415990123138915591e-01
1.085097312927246094e+01 3.029911018132897538e-01
1.091831779479980469e+01 2.917150807954931313e-01
1.098566246032714844e+01 2.507489292128249891e-01
1.105300617218017578e+01 2.801733688991420723e-01
1.112034988403320312e+01 3.355918374283084482e-01
1.118769454956054688e+01 3.207380990143876565e-01
1.125503921508789062e+01 2.795698693942183510e-01
1.132238197326660156e+01 2.619533228196430086e-01
1.138972663879394531e+01 2.810508089848295921e-01
1.145707130432128906e+01 2.994137954207514163e-01
1.152441406250000000e+01 3.215525972462713877e-01
1.159175872802734375e+01 3.019743802589163195e-01
1.165910339355468750e+01 3.375444514248637784e-01
1.172644710540771484e+01 3.314117571328888956e-01
1.179379081726074219e+01 3.036617650390845968e-01
1.186113548278808594e+01 2.776085440332863308e-01
1.192848014831542969e+01 3.103482036394533683e-01
1.199582290649414062e+01 3.297871515838123879e-01
1.206316757202148438e+01 3.120986889399260944e-01
1.213051223754882812e+01 2.854420515857434282e-01
1.219785499572753906e+01 2.860495187090046909e-01
1.226519966125488281e+01 3.042692235599451789e-01
1.233254432678222656e+01 3.144610276321616604e-01
1.239988803863525391e+01 3.337741627336324735e-01
1.246723175048828125e+01 3.018393894765028507e-01
1.253457641601562500e+01 2.568199635416130167e-01
1.260192108154296875e+01 2.329298935971625961e-01
1.266926383972167969e+01 2.046489241920014523e-01
1.273660850524902344e+01 1.779178512209440011e-01
1.280395317077636719e+01 1.396499420030511140e-01
1.287129592895507812e+01 9.651977625150462425e-02
1.293864059448242188e+01 4.218461950420713397e-02
1.300598526000976562e+01 2.558075326735120489e-02
1.307332897186279297e+01 1.376944978719131171e-02
1.314067268371582031e+01 4.454695819644273296e-03
1.320801734924316406e+01 1.687384780168285333e-03
1.327536201477050781e+01 2.092386757899750670e-03
1.334270477294921875e+01 3.374817351451211457e-04
1.341004943847656250e+01 6.074585208605827024e-04
1.347739410400390625e+01 7.424598173192664121e-04
1.354473686218261719e+01 3.374817351451211457e-04
1.361208152770996094e+01 1.349907824134628396e-03
1.367942619323730469e+01 3.172283386716376503e-03
1.374676990509033203e+01 4.049838172703326624e-04
1.381411361694335938e+01 7.424493032740454770e-04
1.388145828247070312e+01 4.049723472403884972e-03
1.394880294799804688e+01 5.669693150438035248e-03
1.401614570617675781e+01 4.454758903915598256e-03
1.408349037170410156e+01 1.282412432927897009e-03
1.415083503723144531e+01 2.834846575219017624e-03
1.421817779541015625e+01 4.454758903915598256e-03
1.428552246093750000e+01 2.767311039475987746e-03
