# Rg_nm ProbabilityDensity
8.262683591907652669e+00 3.401582252044976686e-03
8.308250621752900855e+00 4.169681470248680875e-03
8.353817651598149041e+00 5.157237607939158495e-03
8.399384681443397227e+00 6.035065285886249617e-03
8.444951711288645413e+00 9.107462158701068108e-03
8.490518741133893599e+00 1.887329507586245347e-02
8.536085770979141785e+00 2.304297654611113522e-02
8.581652800824389971e+00 2.392080422405822374e-02
8.627219830669638156e+00 2.644455879815611407e-02
8.672786860514886342e+00 2.523754574097886172e-02
8.718353890360134528e+00 1.876356661611906784e-02
8.763920920205382714e+00 1.667872588099472350e-02
8.809487950050630900e+00 3.094342564763494924e-02
8.855054979895879086e+00 4.027034472582279034e-02
8.900622009741127272e+00 4.795133690785796654e-02
8.946189039586377234e+00 4.619568155196565606e-02
8.991756069431625420e+00 5.661988522758735348e-02
9.037323099276873606e+00 6.583707584603180896e-02
9.082890129122121792e+00 6.649544660449212274e-02
9.128457158967369978e+00 7.779747795806092603e-02
9.174024188812618164e+00 8.174770250882283651e-02
9.219591218657866349e+00 9.601240227546306572e-02
9.265158248503114535e+00 1.008404545041720474e-01
9.310725278348362721e+00 1.177386373046535456e-01
9.356292308193610907e+00 1.318936086115503892e-01
9.401859338038859093e+00 1.457193945392170897e-01
9.447426367884107279e+00 1.596549089266271482e-01
9.492993397729355465e+00 1.586673527889366497e-01
9.538560427574603651e+00 1.537295721004842686e-01
9.584127457419851837e+00 1.719444964178863944e-01
9.629694487265100022e+00 1.675553580281509414e-01
9.675261517110348208e+00 1.737001517737805922e-01
9.720828546955596394e+00 1.699693841425054530e-01
9.766395576800844580e+00 1.521933736640768697e-01
9.811962606646092766e+00 1.578992535707329503e-01
9.857529636491340952e+00 1.792963032206932872e-01
9.903096666336589138e+00 1.918053476314393324e-01
9.948663696181837324e+00 1.949874729639975435e-01
9.994230726027085510e+00 2.066186896967965037e-01
1.003979775587233370e+01 2.108980996267885710e-01
1.008536478571758188e+01 2.232974155777912029e-01
1.013093181556283007e+01 2.414026114354499708e-01
1.017649884540807825e+01 2.163845226139578803e-01
1.022206587525332644e+01 2.106786427073017998e-01
1.026763290509857462e+01 2.108980996267885710e-01
1.031319993494382281e+01 2.037657497434684495e-01
1.035876696478907100e+01 2.146288672580636825e-01
1.040433399463431918e+01 2.299908516221377819e-01
1.044990102447956737e+01 2.238460578765081588e-01
1.049546805432481555e+01 2.050824912603891048e-01
1.054103508417006374e+01 2.340508046326430780e-01
1.058660211401531193e+01 2.524851858695320028e-01
1.063216914386056189e+01 2.941820005720073294e-01
1.067773617370581007e+01 3.168957917388998125e-01
1.072330320355105826e+01 3.397193113655241348e-01
1.076887023339630645e+01 3.686876247377781635e-01
1.081443726324155463e+01 3.723086639093098893e-01
1.086000429308680282e+01 3.784534576549395402e-01
1.090557132293205100e+01 3.644082148077860683e-01
1.095113835277729919e+01 3.768075307587887002e-01
1.099670538262254738e+01 3.975462096502887510e-01
1.104227241246779556e+01 4.095066117623178403e-01
1.108783944231304375e+01 4.560314786935137366e-01
1.113340647215829193e+01 4.399013951112358822e-01
1.117897350200354012e+01 4.300258337343311199e-01
1.122454053184878831e+01 4.825857659514131703e-01
1.127010756169403649e+01 4.894986589152464651e-01
1.131567459153928468e+01 4.892792019957597494e-01
1.136124162138453286e+01 4.875235466398655237e-01
1.140680865122978105e+01 4.618470870599131750e-01
1.145237568107502923e+01 4.832441367098734841e-01
1.149794271092027742e+01 5.404126642361778421e-01
1.154350974076552561e+01 5.784884397671328227e-01
1.158907677061077379e+01 6.714284451697810630e-01
1.163464380045602198e+01 7.367168787170960131e-01
1.168021083030127016e+01 7.401184609691120464e-01
1.172577786014652013e+01 6.469589986470059007e-01
1.177134488999176831e+01 5.581886747146064254e-01
1.181691191983701650e+01 4.820371236526962422e-01
1.186247894968226468e+01 4.414375935476432811e-01
1.190804597952751287e+01 4.174070608638416613e-01
1.195361300937276106e+01 3.901944028474818582e-01
1.199918003921800924e+01 3.457543766514104000e-01
1.204474706906325743e+01 3.057034888450743670e-01
1.209031409890850561e+01 2.316367785182885941e-01
1.213588112875375380e+01 1.777601047842859161e-01
1.218144815859900199e+01 1.386967731156403538e-01
1.222701518844425017e+01 9.458593229879903863e-02
1.227258221828949836e+01 6.956784347730694817e-02
1.231814924813474654e+01 3.961197396736247656e-02
1.236371627797999473e+01 1.953166583432277073e-02
1.240928330782524291e+01 1.536198436407408899e-02
1.245485033767049110e+01 1.470361360561377000e-02
1.250041736751573929e+01 1.130203135356879288e-02
1.254598439736098747e+01 1.261877287048943086e-02
1.259155142720623566e+01 8.558819859984136483e-03
1.263711845705148384e+01 9.436647537931226737e-03
1.268268548689673203e+01 4.279409929992068241e-03
1.272825251674198022e+01 9.875561376904771864e-04
1.277381954658722840e+01 1.426469976664022530e-03
