2 141
2 150
2 155
2 162
10 127
10 134
10 141
10 150
10 380
17 127
17 134
17 141
17 150
17 170
17 187
17 380
17 389
17 396
29 111
29 120
29 127
29 134
29 380
29 389
29 396
38 111
38 120
38 127
38 217
38 389
38 396
38 407
38 414
46 98
46 107
46 111
46 120
46 389
46 396
46 407
46 414
54 90
54 98
54 107
54 111
54 407
54 414
54 421
62 90
62 98
62 107
62 180
62 407
62 414
62 421
62 428
70 98
70 291
70 298
70 306
70 414
70 421
70 428
74 428
90 279
90 291
134 187
141 187
150 180
150 187
155 180
155 187
162 187
170 192
170 380
175 201
180 210
187 217
192 228
192 396
201 237
210 246
217 258
228 263
237 271
246 279
258 287
258 291
258 298
263 291
263 298
291 428
298 414
298 421
298 428
306 414
306 421
306 428
310 407
310 414
310 421
310 428
319 396
319 407
319 414
319 421
333 396
333 407
333 414
340 380
340 389
340 396
340 407
352 380
352 389
352 396
360 389
